99
74 0 65.911
0 84 57.668
0 61 44.395
0 35 66.371
0 54 66.991
0 27 8.567
0 29 40.510
0 50 26.326
0 47 1.110
0 85 23.220
0 62 18.880
83 0 78.091
15 0 34.794
71 0 11.499
89 0 68.785
19 0 46.645
0 45 96.414
0 60 42.107
65 0 41.184
0 26 65.681
0 49 72.063
0 48 92.667
25 0 41.337
18 0 68.155
68 0 96.578
13 0 60.959
0 88 29.242
98 0 3.018
7 0 18.947
0 20 79.644
0 86 20.962
0 37 50.596
32 0 79.777
3 0 49.007
0 12 84.562
43 0 55.997
0 24 87.099
39 0 59.278
69 0 4.706
57 0 76.355
75 0 92.601
81 0 20.323
0 90 18.492
0 78 46.348
66 0 28.182
53 0 9.812
0 41 55.857
0 87 7.038
95 0 28.634
0 92 2.678
0 93 47.813
67 0 78.692
1 0 21.616
0 36 68.579
0 31 15.790
0 21 64.463
0 17 85.171
38 1 65.964
1 48 16.663
29 1 51.233
51 1 39.243
42 1 9.454
1 46 64.335
93 1 65.325
10 1 68.305
31 1 48.516
1 86 78.011
6 1 20.978
23 1 98.273
1 53 9.559
49 1 26.589
1 25 98.145
1 87 78.242
62 1 74.100
34 1 98.641
37 1 8.726
1 11 13.421
1 63 68.161
1 36 5.818
78 1 56.529
1 71 71.681
8 1 94.888
1 98 59.957
1 54 94.276
1 32 80.129
1 24 72.288
1 28 71.456
1 59 28.783
1 16 34.496
1 91 21.682
82 1 65.721
1 97 48.053
1 73 11.096
1 64 67.698
1 19 56.085
1 39 75.737
55 1 99.674
1 84 91.391
1 43 68.947
76 1 33.023
5 1 65.492
68 1 22.179
1 92 49.265
1 96 18.309
1 95 10.068
1 85 68.906
1 13 3.498
1 90 70.185
1 57 15.840
21 1 34.117
2 1 41.924
79 1 67.034
1 88 88.343
1 69 37.059
45 1 62.225
14 1 60.046
1 89 89.270
1 58 80.699
1 12 20.519
1 83 80.624
1 74 18.840
1 26 84.016
2 4 59.707
2 27 88.182
2 82 49.269
2 34 85.400
2 32 4.122
64 2 67.676
31 2 97.842
16 2 56.774
2 24 41.157
2 71 76.219
2 38 38.308
2 17 93.978
52 2 73.556
25 2 53.387
53 2 68.392
2 6 88.445
2 42 86.067
15 2 49.331
2 14 63.901
21 2 34.098
2 11 56.965
2 36 3.315
2 43 23.050
2 47 93.756
2 35 21.817
40 2 12.577
23 2 30.811
41 2 31.019
91 2 39.729
2 88 2.313
2 20 3.778
55 2 57.578
46 2 96.748
2 44 50.788
18 2 59.589
93 2 78.892
59 2 27.781
87 2 34.210
33 2 20.985
51 2 95.848
65 2 4.798
2 79 42.263
76 2 65.293
66 2 31.932
86 2 41.832
2 28 6.142
2 77 89.301
70 2 73.638
12 2 32.437
80 2 10.304
75 2 0.950
2 62 41.409
2 26 29.577
2 57 50.780
45 2 73.216
84 2 76.366
67 2 53.784
2 83 44.777
74 2 30.241
2 9 11.909
96 2 34.323
48 2 81.051
2 58 17.527
3 33 49.457
3 54 97.597
3 8 53.281
3 60 40.256
3 34 87.823
3 43 31.073
28 3 63.913
41 3 92.260
3 59 86.327
3 85 12.322
3 58 92.794
3 31 43.744
3 26 78.028
78 3 51.385
3 56 15.179
95 3 30.557
90 3 81.310
50 3 9.961
3 48 71.189
17 3 57.989
72 3 76.831
3 11 49.180
64 3 38.695
3 63 21.417
3 65 50.912
3 89 12.620
91 3 14.923
23 3 12.767
3 55 46.003
3 66 71.766
3 44 4.310
3 18 68.077
79 3 88.130
3 88 23.938
93 3 3.114
7 3 81.584
3 77 83.248
97 3 56.189
21 3 44.296
3 40 40.789
3 39 66.367
3 74 83.673
3 19 22.134
75 3 27.125
67 3 70.839
29 3 0.905
3 6 68.720
3 24 85.289
16 3 59.466
3 47 21.772
3 37 27.394
9 3 16.665
3 82 34.009
38 3 90.647
98 3 80.591
3 96 2.344
3 87 67.155
62 3 85.128
3 36 98.003
73 3 16.969
46 3 58.853
45 3 0.214
69 3 95.704
4 26 68.511
61 4 20.134
7 4 7.619
4 75 89.351
68 4 21.082
4 70 92.199
4 58 41.190
47 4 4.408
4 40 40.728
35 4 25.293
4 21 37.691
4 39 74.773
56 4 86.793
4 77 21.302
4 55 94.419
48 4 13.604
84 4 29.818
46 4 93.452
4 63 23.411
4 49 83.828
4 25 77.912
87 4 84.632
43 4 1.502
4 29 39.349
45 4 32.411
13 4 76.610
73 4 46.031
88 4 17.979
4 81 79.954
30 4 41.811
28 4 8.162
4 64 93.671
4 24 58.186
4 9 60.197
4 34 88.101
90 4 12.682
8 4 56.605
89 4 39.624
96 4 85.787
4 22 79.373
4 98 8.779
82 4 62.283
78 4 18.178
65 4 80.861
80 4 52.052
4 57 10.404
59 4 13.268
4 18 33.948
4 14 70.269
4 6 47.367
4 10 33.018
4 95 17.015
85 4 38.559
66 4 14.242
37 4 12.377
4 50 30.500
38 4 89.963
83 4 0.702
4 27 40.901
36 4 19.055
62 4 53.952
4 79 50.608
4 94 70.786
67 4 8.824
4 54 25.710
4 32 33.176
5 24 48.145
5 32 28.704
49 5 86.830
44 5 18.958
5 82 38.256
5 35 10.400
34 5 28.609
5 57 31.472
74 5 74.674
5 77 26.645
5 80 63.759
5 89 24.801
78 5 17.836
5 22 4.794
5 70 71.003
5 52 13.479
5 66 96.490
5 17 42.787
10 5 28.543
5 54 73.803
5 94 90.951
5 76 50.996
40 5 67.554
87 5 43.275
27 5 92.688
5 71 34.362
67 5 46.024
48 5 31.576
61 5 40.526
33 5 1.683
90 5 89.613
5 28 32.777
5 11 80.952
5 56 21.334
5 91 53.285
5 20 65.946
5 95 21.928
5 73 95.887
15 5 60.941
37 5 36.182
45 5 66.963
5 51 96.721
18 5 43.015
6 5 59.070
65 5 24.145
21 5 56.831
85 5 30.287
42 5 93.646
5 39 34.206
81 5 74.251
5 75 42.973
5 25 92.825
5 8 88.405
58 5 13.435
5 47 0.457
5 60 42.394
5 83 26.741
97 5 9.857
5 72 23.920
5 19 50.179
26 5 61.217
5 9 54.325
5 14 10.708
5 46 84.910
6 71 82.215
59 6 67.513
54 6 17.325
6 92 0.950
64 6 31.006
6 27 39.575
82 6 61.819
6 90 54.977
69 6 26.580
6 97 1.517
6 8 73.011
6 14 60.667
6 10 31.398
6 46 63.559
74 6 94.520
6 73 72.400
81 6 72.899
25 6 72.796
72 6 32.685
6 53 27.340
87 6 16.706
6 39 36.913
6 86 1.062
6 52 52.599
6 89 74.781
9 6 14.261
17 6 11.793
6 34 1.574
6 79 29.774
91 6 14.590
6 12 10.803
6 65 79.443
6 18 48.562
6 42 59.073
6 15 71.980
6 66 3.681
24 6 85.871
6 56 72.376
6 88 87.881
68 6 41.965
80 6 3.881
20 6 70.797
6 22 40.173
6 31 31.498
19 6 76.965
11 6 45.225
6 43 97.117
51 6 88.967
96 6 9.840
6 36 22.218
6 76 64.070
93 6 39.249
13 6 10.383
41 6 57.880
6 61 9.340
6 67 3.901
67 7 66.043
7 77 18.933
7 63 94.801
7 75 96.843
7 43 64.241
52 7 92.486
45 7 90.021
7 46 94.252
7 71 96.521
7 73 15.276
87 7 10.870
85 7 88.435
7 95 0.500
7 93 14.909
7 94 11.830
7 22 14.108
83 7 64.217
7 70 59.739
7 78 57.358
7 50 7.711
80 7 82.970
7 55 96.010
81 7 42.466
7 74 52.108
28 7 91.655
21 7 29.533
7 72 25.391
68 7 62.536
39 7 1.101
97 7 75.295
7 16 85.182
7 29 92.077
69 7 46.544
7 44 5.699
36 7 78.143
11 7 74.338
7 12 25.439
7 26 38.875
51 7 24.746
17 7 9.309
9 7 61.981
37 7 97.802
90 7 15.174
7 47 88.612
19 7 92.436
7 40 99.061
91 7 94.528
7 25 56.249
30 7 23.397
48 7 59.894
7 64 50.240
7 34 66.160
8 7 83.084
53 7 25.781
7 89 46.891
7 32 5.478
7 38 40.641
8 20 41.463
22 8 94.837
44 8 73.999
69 8 38.331
94 8 80.005
8 53 84.780
25 8 84.627
40 8 28.044
33 8 20.870
8 24 69.758
93 8 14.598
8 36 61.128
8 98 31.013
8 49 12.175
10 8 84.704
58 8 98.525
8 37 61.154
8 76 34.544
67 8 22.966
9 8 60.536
8 86 46.864
8 27 26.978
8 51 92.513
90 8 47.405
19 8 42.630
32 8 86.645
41 8 97.607
78 8 88.809
8 87 57.862
8 18 22.710
81 8 86.558
8 80 26.512
8 71 24.191
72 8 89.673
26 8 44.813
8 61 37.850
8 88 58.525
73 8 63.441
8 13 4.155
8 55 81.872
64 8 90.628
62 8 1.550
46 8 69.517
39 8 66.495
8 83 11.790
8 42 59.436
68 8 13.460
8 23 10.293
30 8 29.476
8 85 87.929
8 75 68.479
8 97 37.522
8 38 64.599
8 28 92.968
66 8 84.139
48 8 78.684
12 8 87.946
8 21 10.976
8 56 76.428
60 8 63.651
8 31 70.092
70 8 25.868
66 9 42.868
9 62 78.137
54 9 6.838
95 9 86.184
84 9 78.765
85 9 21.815
9 86 90.974
9 76 85.112
9 53 52.522
9 30 91.777
57 9 49.028
64 9 69.787
9 98 90.204
52 9 17.776
9 39 70.112
9 59 80.818
97 9 40.331
79 9 68.378
9 35 30.250
9 29 0.052
87 9 14.416
69 9 15.247
67 9 85.758
9 31 99.897
9 48 76.399
34 9 76.978
9 77 88.624
9 17 7.804
9 94 98.331
27 9 86.570
23 9 52.394
60 9 26.758
9 25 6.551
9 90 25.746
70 9 95.341
9 22 61.775
44 9 72.404
51 9 60.596
68 9 61.609
9 36 70.614
9 46 0.755
33 9 11.945
28 9 33.618
26 9 83.085
9 21 14.884
47 9 44.971
9 15 27.007
9 16 28.055
75 9 30.609
81 9 22.548
9 92 23.694
89 9 43.107
9 37 20.578
9 19 20.523
9 41 97.365
9 13 65.474
9 55 95.561
9 38 45.132
9 49 19.631
9 18 27.172
9 65 37.449
12 9 66.440
50 9 24.087
9 93 16.919
10 63 47.300
10 34 94.577
68 10 33.192
21 10 91.857
10 50 23.923
10 39 83.682
10 11 28.874
24 10 26.575
10 41 36.016
10 31 55.208
10 74 15.105
73 10 26.628
10 84 28.502
10 79 26.650
10 46 17.165
88 10 8.809
16 10 30.262
10 92 8.878
10 64 67.480
78 10 22.823
10 48 71.690
22 10 7.738
66 10 74.277
51 10 90.185
25 10 50.621
14 10 62.194
62 10 67.497
10 47 60.127
10 49 20.695
53 10 79.941
10 38 33.624
90 10 93.502
44 10 78.331
19 10 88.064
12 10 96.996
10 75 70.871
10 69 82.391
76 10 96.671
13 10 60.493
85 10 12.840
10 43 24.245
10 87 53.643
52 10 35.979
45 10 12.848
42 10 67.730
10 15 26.613
10 70 16.156
10 35 87.331
61 10 69.442
10 71 82.813
10 80 88.870
54 10 45.690
10 93 53.423
10 82 79.185
10 27 25.737
32 10 68.218
56 11 8.288
11 49 60.383
46 11 36.341
90 11 82.009
11 22 40.944
11 25 1.280
11 21 83.221
69 11 59.377
60 11 9.362
45 11 16.159
11 88 66.179
11 12 76.563
11 42 28.671
72 11 58.656
23 11 68.495
17 11 46.341
84 11 1.041
54 11 20.421
89 11 78.040
11 81 66.217
11 68 24.296
11 79 0.441
94 11 82.167
92 11 67.688
26 11 26.297
77 11 14.677
11 95 24.453
11 14 41.091
55 11 29.481
11 80 59.571
11 44 44.082
91 11 37.566
70 11 19.825
11 32 85.053
11 66 5.047
11 71 84.033
28 11 7.094
85 11 67.147
64 11 98.675
11 47 84.712
78 11 40.275
11 87 72.834
61 11 56.939
11 48 21.468
11 31 14.359
11 63 19.727
11 19 13.342
11 57 5.276
29 11 35.325
11 59 11.066
11 52 35.299
11 76 29.403
15 11 2.400
73 11 37.984
11 18 37.821
11 38 57.547
83 11 25.376
11 51 98.651
58 11 95.079
41 11 76.335
11 43 15.510
40 11 99.767
11 96 1.877
11 35 51.937
12 92 78.970
12 54 99.356
12 63 61.900
12 44 17.937
12 90 12.412
84 12 38.368
12 83 9.184
97 12 56.641
12 41 53.301
12 15 12.504
23 12 42.990
72 12 44.256
74 12 13.351
12 26 68.246
12 77 48.721
70 12 97.034
89 12 85.803
31 12 81.259
12 33 60.739
12 69 98.955
12 66 25.689
12 85 54.068
57 12 24.091
96 12 16.802
12 22 83.071
12 86 89.089
12 29 84.087
67 12 84.220
88 12 46.028
12 60 77.816
61 12 43.023
12 58 39.044
12 37 48.310
98 12 66.100
12 13 69.248
38 12 16.885
79 12 18.113
43 12 20.249
12 59 52.199
12 20 24.219
19 12 45.920
12 47 1.424
62 12 23.898
76 12 33.080
12 93 3.777
16 12 58.580
30 12 66.655
12 21 30.636
12 40 12.837
28 12 73.091
12 64 40.440
49 12 82.543
68 12 42.010
32 12 72.668
78 12 41.661
12 50 96.509
12 42 60.937
12 18 33.422
12 24 86.218
13 70 25.580
13 52 88.687
97 13 11.100
13 64 60.693
89 13 71.296
88 13 74.331
13 41 29.118
13 37 72.866
20 13 53.580
13 14 86.179
73 13 38.137
13 95 97.398
85 13 59.240
13 31 54.602
51 13 96.738
82 13 40.929
13 18 61.480
98 13 75.023
13 38 48.622
29 13 35.987
13 47 73.418
83 13 19.100
13 26 84.355
87 13 54.491
33 13 25.601
59 13 44.083
13 35 70.768
32 13 85.969
62 13 74.524
25 13 91.273
13 28 32.198
13 24 2.817
72 13 50.324
93 13 68.122
43 13 51.503
13 76 2.812
13 17 35.414
13 67 66.490
13 75 81.041
13 80 96.253
49 13 11.021
13 46 94.075
13 42 41.381
13 91 44.953
53 13 16.460
13 74 57.129
13 96 48.497
34 13 78.001
13 57 75.384
13 23 29.690
13 54 30.682
13 39 11.113
60 13 54.167
14 50 29.247
81 14 50.542
14 34 80.316
83 14 48.350
14 61 63.928
33 14 74.889
35 14 50.474
59 14 45.190
91 14 22.101
52 14 36.473
14 16 89.717
25 14 63.311
27 14 26.289
84 14 87.892
18 14 44.888
92 14 11.814
63 14 22.963
14 82 54.679
58 14 77.838
44 14 92.525
22 14 49.307
14 42 65.307
14 60 17.468
88 14 79.444
14 70 97.559
14 36 55.926
19 14 30.984
67 14 74.387
14 49 23.021
55 14 50.386
14 72 54.405
86 14 27.392
90 14 2.790
14 40 67.420
80 14 77.910
14 85 95.809
14 45 84.305
31 14 70.841
14 32 75.116
20 14 97.032
96 14 64.522
14 51 66.399
24 14 38.697
14 76 55.898
14 56 17.463
14 95 61.897
14 78 42.588
79 14 13.940
14 89 88.014
74 14 57.128
14 37 35.579
14 65 37.818
46 14 15.738
39 14 83.281
29 15 13.161
79 15 24.017
15 66 95.787
15 33 15.874
68 15 67.770
82 15 57.757
15 31 70.815
15 65 7.869
15 53 5.692
15 77 14.569
15 87 62.459
15 42 87.299
15 28 24.792
15 47 25.802
39 15 9.280
17 15 97.496
15 43 75.571
15 91 93.304
69 15 29.290
76 15 78.848
59 15 48.886
15 24 41.226
15 60 1.507
15 34 71.610
21 15 84.762
15 62 5.393
58 15 95.557
15 23 89.632
22 15 99.098
71 15 21.692
15 57 95.068
15 49 50.326
15 44 59.494
95 15 33.213
18 15 14.499
83 15 31.800
15 64 93.209
15 88 71.314
15 36 87.156
63 15 52.142
20 15 68.704
15 92 96.860
51 15 24.487
26 15 86.997
81 15 39.025
61 15 49.000
15 52 53.239
50 15 60.191
46 15 82.930
32 15 99.061
25 15 75.052
16 65 12.960
16 45 86.280
29 16 5.470
16 17 10.073
16 35 86.567
95 16 95.930
90 16 10.521
40 16 3.522
93 16 8.791
43 16 30.127
98 16 68.872
16 82 1.831
16 74 41.667
49 16 93.983
16 71 89.272
16 76 95.327
51 16 73.858
62 16 41.381
88 16 98.796
16 84 16.169
22 16 98.915
78 16 44.675
16 27 1.789
47 16 28.756
16 28 55.762
63 16 93.357
16 73 70.531
31 16 51.562
16 32 91.314
16 52 64.214
16 41 57.421
16 20 18.168
56 16 42.445
46 16 49.863
16 57 18.278
16 24 68.743
19 16 30.902
23 16 85.013
53 16 51.975
33 16 50.694
16 42 60.805
16 94 60.125
16 97 25.354
68 16 54.781
83 16 23.728
16 50 50.226
16 86 52.395
16 36 57.397
16 75 59.624
81 16 30.524
55 16 10.500
80 16 45.047
23 17 57.637
17 96 23.723
94 17 79.720
17 35 65.849
17 76 16.680
17 36 39.590
17 43 84.985
69 17 21.437
17 95 14.683
90 17 43.680
17 29 75.471
17 66 39.907
17 92 85.387
21 17 49.334
17 67 2.332
17 44 55.215
87 17 8.663
17 54 92.745
83 17 49.527
24 17 84.119
45 17 47.541
53 17 38.080
17 51 83.886
17 59 81.665
22 17 28.204
17 70 43.881
17 97 83.052
17 75 24.938
27 17 68.495
25 17 38.540
79 17 22.994
81 17 77.014
82 17 43.412
17 62 90.043
20 17 77.819
37 17 16.122
17 68 94.169
17 74 67.267
17 85 5.687
57 17 52.401
91 17 84.678
42 17 15.738
17 49 89.748
40 17 26.981
34 17 71.523
55 17 54.754
78 17 4.761
17 80 2.777
47 17 47.808
52 17 72.542
65 17 36.402
18 17 73.861
17 88 28.890
89 17 62.217
17 86 21.286
93 17 50.410
32 17 92.381
17 30 50.468
18 24 42.637
18 64 16.793
20 18 82.223
18 27 25.165
18 90 89.504
18 71 63.928
61 18 6.379
76 18 56.417
18 98 50.527
94 18 69.333
18 51 33.762
18 53 9.056
18 50 54.708
23 18 30.108
25 18 68.838
86 18 78.682
43 18 42.537
18 89 73.668
18 54 31.006
42 18 23.470
18 57 75.761
18 37 19.697
18 66 39.789
18 60 67.006
18 45 31.838
18 26 43.391
55 18 88.899
18 63 40.643
18 79 94.494
18 33 99.689
18 59 95.247
52 18 33.743
73 18 74.488
18 48 85.992
18 75 99.504
18 34 68.182
70 18 14.835
31 18 61.221
91 18 86.632
81 18 75.110
78 18 19.960
18 19 32.727
74 18 0.013
92 18 55.197
69 18 28.120
56 18 87.207
18 72 76.565
19 50 82.883
92 19 69.402
19 85 23.095
27 19 93.339
19 40 48.529
31 19 94.820
46 19 12.428
82 19 27.690
19 66 30.033
19 73 47.205
19 69 59.357
54 19 80.472
19 88 39.839
53 19 2.215
19 79 64.757
19 56 4.888
20 19 33.144
95 19 89.987
19 63 33.964
47 19 81.150
19 43 61.116
23 19 64.081
42 19 33.685
19 83 53.243
30 19 31.383
61 19 23.997
19 55 57.253
36 19 46.963
90 19 70.748
49 19 50.858
19 67 83.120
19 76 14.604
19 96 27.316
86 19 28.751
24 19 35.890
19 77 36.305
28 19 66.590
94 19 34.623
19 81 90.599
19 32 58.992
19 45 1.891
19 65 65.067
19 37 68.042
21 19 29.512
19 62 77.337
57 19 99.552
91 19 99.948
26 19 84.338
72 19 17.031
19 71 77.556
19 60 39.575
19 58 98.785
19 97 35.081
20 78 2.670
52 20 15.433
20 47 98.894
20 53 2.105
20 72 36.203
20 45 32.897
20 59 96.430
43 20 93.864
20 57 79.037
20 73 19.288
26 20 35.646
75 20 6.982
20 40 80.284
74 20 1.636
20 82 92.166
90 20 77.158
87 20 84.843
69 20 84.570
20 36 69.500
20 51 99.576
20 35 59.971
20 50 36.679
20 54 91.234
22 20 91.419
83 20 74.209
20 58 32.125
20 33 29.525
20 49 19.875
56 20 1.022
20 38 63.398
20 64 85.302
20 23 45.850
55 20 76.612
89 20 64.450
44 20 34.017
20 98 11.862
20 66 18.671
95 20 78.646
60 20 93.888
20 68 68.175
20 65 46.817
85 20 86.368
20 91 44.467
20 97 4.369
20 61 33.970
29 20 79.234
77 20 71.503
39 21 99.492
79 21 62.272
21 36 17.708
21 45 24.035
21 47 6.827
21 44 19.019
91 21 14.513
92 21 49.317
73 21 77.661
46 21 63.911
83 21 18.908
75 21 34.945
21 52 83.363
72 21 6.737
28 21 27.157
21 59 63.071
65 21 6.324
21 53 29.825
21 42 3.080
21 22 22.608
38 21 51.947
89 21 2.086
21 29 21.660
21 33 52.068
63 21 29.903
21 32 34.892
21 26 25.835
27 21 53.750
21 96 97.394
21 97 82.119
51 21 66.948
21 25 95.920
21 81 67.344
70 21 56.718
21 50 16.354
54 21 0.168
21 30 91.440
58 21 70.513
37 21 95.484
21 74 91.871
21 31 80.213
84 21 58.576
21 78 22.615
21 67 5.298
21 76 9.079
56 21 59.885
21 64 99.902
21 68 26.000
21 24 68.724
60 21 34.552
21 40 78.738
43 21 1.186
21 94 25.461
22 64 0.205
75 22 58.155
22 71 74.902
22 91 30.847
41 22 56.787
22 55 45.330
22 26 13.818
22 32 92.176
38 22 9.947
50 22 90.253
22 44 8.166
22 36 63.959
22 35 65.981
22 54 8.383
22 27 7.892
22 65 25.876
83 22 83.152
22 56 19.552
22 79 31.138
22 93 80.851
74 22 42.324
28 22 85.610
31 22 16.677
22 60 2.021
37 22 91.456
48 22 55.083
22 59 65.419
66 22 68.755
61 22 26.461
22 72 94.779
97 22 52.102
22 52 28.133
92 22 1.983
22 70 15.057
22 78 7.150
87 22 20.217
22 95 53.305
24 22 33.333
68 22 41.846
85 22 4.828
63 22 6.037
22 51 55.655
22 69 74.087
22 43 20.476
86 22 38.223
22 53 33.000
23 22 60.138
22 58 27.212
90 22 33.518
39 22 53.737
22 46 51.538
73 23 19.873
23 87 67.660
23 58 73.833
23 26 56.057
23 32 56.260
69 23 59.076
89 23 17.363
72 23 72.094
34 23 63.781
65 23 68.178
23 33 73.455
23 51 17.026
81 23 85.994
23 42 46.731
80 23 33.454
88 23 99.854
63 23 30.503
52 23 33.705
23 74 61.953
56 23 22.553
23 85 56.867
23 35 81.870
23 91 14.596
71 23 34.911
23 54 42.123
61 23 25.677
23 66 95.923
29 23 68.128
23 83 52.785
92 23 88.785
93 23 34.718
98 23 61.228
31 23 38.763
78 23 91.364
23 59 4.971
23 97 97.538
23 70 37.700
37 23 60.208
23 67 31.654
23 41 37.234
23 95 21.651
23 46 24.317
38 23 60.824
25 23 74.739
23 77 37.533
23 40 2.418
23 27 55.848
23 24 0.411
96 23 25.536
66 24 23.138
24 56 24.646
77 24 78.456
48 24 96.249
24 29 99.928
24 78 87.114
24 94 93.869
24 59 64.513
24 33 68.551
26 24 90.466
81 24 66.583
50 24 46.662
30 24 19.044
24 43 18.977
37 24 34.790
45 24 26.960
24 86 57.652
24 63 86.125
69 24 62.317
24 47 89.325
24 76 9.312
85 24 14.801
24 72 64.913
73 24 82.746
24 80 93.092
24 61 83.430
24 25 1.757
71 24 34.153
57 24 51.217
62 24 32.279
24 38 27.340
40 24 45.149
31 24 34.794
24 95 29.118
24 49 40.301
24 46 55.570
34 24 8.648
24 35 32.671
88 24 96.465
42 24 77.415
93 24 59.402
70 24 91.401
24 91 75.436
36 24 92.704
44 24 0.559
24 65 92.267
74 24 60.013
25 90 99.269
31 25 46.066
63 25 80.195
25 79 4.040
25 26 55.868
25 69 10.299
25 83 36.377
57 25 70.934
25 71 22.049
25 64 38.215
25 37 63.381
91 25 23.172
25 88 38.014
27 25 14.821
25 82 3.225
41 25 92.809
53 25 47.145
34 25 94.698
25 45 84.765
25 74 20.587
25 36 70.464
48 25 52.860
25 43 52.164
94 25 20.687
25 59 24.939
55 25 94.782
84 25 53.410
52 25 22.294
25 60 30.914
25 89 56.598
75 25 58.737
51 25 87.277
25 87 35.859
25 93 17.846
46 25 14.740
42 25 24.078
67 25 24.470
29 25 27.592
25 32 80.231
68 25 93.519
25 76 28.637
25 96 7.902
95 25 84.884
25 73 59.745
25 54 8.401
80 25 20.744
25 58 16.121
62 25 5.308
35 25 39.287
88 26 74.030
86 26 93.244
26 81 55.110
45 26 62.945
26 40 27.307
34 26 88.579
26 80 71.619
72 26 0.001
26 31 28.216
26 62 53.843
53 26 49.233
66 26 9.225
26 97 45.750
28 26 44.659
26 30 90.180
93 26 31.668
26 83 90.770
26 38 36.054
39 26 46.679
61 26 61.747
26 63 66.809
75 26 87.283
37 26 51.003
26 49 61.107
57 26 45.946
26 87 70.088
50 26 81.011
26 76 21.872
98 26 1.697
64 26 90.161
26 51 89.671
77 26 79.066
26 84 38.647
26 27 92.502
26 35 57.230
26 73 43.004
26 33 13.113
52 26 26.223
26 54 65.465
26 71 33.805
26 67 55.053
95 26 65.161
85 26 75.655
26 82 7.215
27 42 91.915
27 89 48.352
27 86 93.947
32 27 74.467
27 72 6.333
64 27 38.265
27 56 39.687
27 92 31.313
27 63 0.386
27 80 64.025
82 27 5.960
27 65 56.599
27 49 94.839
83 27 54.471
27 41 1.645
81 27 57.298
61 27 16.860
27 34 0.130
44 27 22.208
79 27 57.920
87 27 60.767
27 62 47.068
58 27 39.678
27 68 73.224
95 27 91.638
27 94 63.346
27 78 53.512
74 27 79.054
85 27 48.774
27 52 21.408
93 27 24.460
27 70 36.729
27 97 8.986
28 27 58.157
75 27 55.354
45 27 13.660
27 48 40.127
27 90 70.017
27 91 42.131
27 51 42.263
27 73 48.366
40 27 11.894
93 28 53.183
28 73 47.321
28 44 95.085
58 28 7.284
30 28 77.495
28 67 88.636
28 78 2.025
97 28 18.023
50 28 16.719
55 28 48.078
28 92 12.848
28 35 3.317
77 28 50.681
28 80 74.828
28 71 24.843
88 28 8.530
74 28 99.274
52 28 40.211
95 28 63.199
28 79 76.335
84 28 30.271
66 28 45.012
28 40 54.980
28 49 12.756
28 39 77.545
28 33 6.341
28 60 80.882
28 53 38.091
36 28 82.925
94 28 25.895
28 91 97.116
28 87 82.533
89 28 37.579
32 28 46.386
68 28 56.144
90 28 82.361
72 28 98.038
47 28 83.325
46 28 35.284
86 28 23.578
28 54 57.376
34 28 90.226
48 28 33.697
98 28 31.922
65 28 28.849
48 29 31.515
98 29 57.931
59 29 90.007
77 29 34.850
29 45 92.246
29 41 75.880
29 95 95.206
72 29 51.649
60 29 58.168
82 29 82.639
38 29 67.955
29 34 52.734
29 57 68.500
86 29 33.490
87 29 96.953
31 29 85.823
32 29 72.325
29 75 84.308
54 29 57.292
35 29 24.976
39 29 87.131
29 58 11.506
29 51 28.500
71 29 5.711
55 29 3.468
29 62 9.866
29 50 39.868
49 29 9.300
89 29 26.786
42 29 74.775
29 84 80.717
29 88 70.064
29 69 1.405
66 29 24.675
43 29 15.203
29 78 85.678
29 56 83.988
85 29 63.993
70 29 62.857
29 81 43.792
90 29 77.641
29 44 39.187
29 94 40.467
29 53 54.043
29 63 55.180
30 29 62.286
29 79 30.685
37 29 67.372
29 47 56.324
29 83 14.671
29 40 51.140
29 52 58.807
76 29 40.846
29 91 99.697
97 29 94.841
29 96 48.738
88 30 53.789
32 30 37.225
30 72 88.493
30 34 76.812
78 30 59.495
30 60 84.248
61 30 7.866
30 40 95.831
30 62 80.243
66 30 57.291
30 80 33.411
30 92 36.356
84 30 26.853
30 69 37.004
89 30 43.105
30 49 84.529
30 31 1.684
30 51 99.664
45 30 38.231
87 30 76.171
30 47 29.018
30 43 35.019
67 30 82.141
95 30 43.636
50 30 75.699
30 82 60.040
64 30 99.005
30 37 24.248
30 65 13.197
77 30 45.232
55 30 75.510
98 30 78.698
30 48 82.935
85 30 60.865
30 38 66.277
74 30 75.161
30 81 57.556
30 46 60.283
31 65 9.139
31 57 29.714
31 78 66.145
54 31 78.949
53 31 4.679
31 46 1.168
31 69 38.394
31 60 2.290
31 81 68.393
31 36 24.753
66 31 44.878
63 31 64.654
34 31 21.531
56 31 16.755
31 70 22.400
31 76 52.502
31 97 84.430
39 31 53.201
98 31 16.050
31 92 55.796
68 31 81.342
31 89 82.596
31 84 87.438
31 95 45.405
44 31 17.526
31 83 78.476
31 49 66.266
31 42 42.979
31 45 55.920
37 31 71.983
75 31 52.311
58 31 40.776
59 31 17.039
61 31 88.517
35 31 21.723
31 80 57.367
43 31 12.364
86 31 75.185
73 31 47.617
31 38 39.765
31 91 97.561
52 31 52.905
79 31 92.421
41 31 43.513
31 33 92.483
90 31 0.304
31 50 77.009
55 31 75.257
31 96 27.574
93 31 98.283
31 40 46.832
82 31 19.114
32 35 59.293
32 83 14.376
37 32 65.792
80 32 63.333
32 39 11.234
88 32 73.387
32 34 66.894
64 32 1.264
32 82 36.274
32 33 32.992
32 54 75.368
32 46 74.253
32 75 91.319
32 53 43.470
32 57 24.078
32 73 38.986
32 96 5.620
95 32 53.804
70 32 71.489
32 38 74.132
93 32 27.553
45 32 41.580
32 62 14.395
44 32 71.810
32 79 33.259
32 72 76.371
32 86 10.749
32 50 93.997
55 32 18.553
32 67 97.948
32 56 85.875
81 32 79.404
32 87 52.512
32 59 7.445
32 89 57.591
58 32 40.772
49 32 68.290
77 32 6.206
32 76 49.492
32 68 31.281
32 66 12.441
78 32 85.173
33 46 60.586
48 33 17.790
33 62 95.169
86 33 28.557
60 33 23.873
33 47 50.351
33 76 83.227
33 92 10.486
33 78 93.694
33 45 52.535
93 33 56.238
33 35 20.852
33 98 54.572
87 33 53.045
65 33 62.380
33 89 71.728
81 33 20.969
33 75 59.046
38 33 71.059
33 82 28.032
36 33 8.312
57 33 5.946
33 90 1.720
33 71 84.499
79 33 13.271
33 94 45.504
55 33 40.106
58 33 4.299
33 77 59.072
42 33 82.379
33 39 93.939
73 33 3.521
33 97 14.204
33 68 16.724
80 33 61.629
33 59 1.329
41 33 56.508
53 33 11.921
63 33 98.032
61 33 67.172
34 38 73.110
74 34 16.227
34 81 16.464
34 85 0.071
88 34 9.534
92 34 67.240
94 34 81.526
34 90 25.829
34 47 77.860
34 70 92.110
34 72 17.674
73 34 98.917
34 40 67.006
34 63 86.490
34 91 60.353
34 98 73.875
34 83 77.568
62 34 2.704
34 76 33.819
42 34 99.009
43 34 24.953
34 44 60.671
34 75 54.967
34 97 98.437
34 82 32.568
35 34 91.751
71 34 7.815
34 51 72.887
80 34 49.791
34 46 35.636
86 34 55.903
95 34 91.911
34 89 96.209
64 34 50.386
41 34 3.517
36 34 39.003
59 34 99.465
50 34 3.944
34 58 45.564
87 35 95.866
61 35 58.203
35 64 44.124
52 35 79.799
35 92 13.264
68 35 28.356
43 35 51.924
35 71 43.500
35 86 18.396
35 50 41.809
35 42 30.827
53 35 0.048
35 79 4.976
65 35 29.780
35 70 26.172
35 56 94.904
35 55 23.198
40 35 71.010
35 89 3.618
90 35 73.411
96 35 98.747
35 60 6.575
35 67 90.169
81 35 67.278
35 62 52.745
39 35 42.110
48 35 27.209
66 35 22.943
72 35 99.695
75 35 49.887
35 69 22.135
35 76 59.320
35 36 94.949
83 35 30.267
47 35 83.713
35 80 25.414
35 73 1.820
37 35 3.302
74 35 24.549
93 35 76.492
35 58 93.787
35 84 8.730
57 35 35.760
35 38 41.008
35 82 36.334
41 35 22.741
94 35 26.091
36 80 3.468
86 36 16.226
36 44 31.449
39 36 69.481
63 36 60.727
69 36 41.390
36 62 56.814
84 36 33.001
98 36 32.421
37 36 71.782
85 36 93.129
82 36 27.455
54 36 93.143
78 36 21.299
36 88 87.399
36 47 24.008
67 36 68.743
90 36 49.493
36 60 98.847
91 36 61.514
81 36 38.680
59 36 35.408
36 94 77.428
64 36 49.915
66 36 69.333
36 55 21.781
72 36 34.713
36 46 42.868
36 41 67.136
70 36 82.421
76 36 30.954
87 36 91.845
65 36 58.648
93 36 49.911
73 36 72.809
36 95 37.032
36 38 28.048
79 36 15.554
83 36 68.232
47 37 0.133
83 37 70.176
79 37 80.007
37 59 78.937
37 93 56.973
37 44 44.081
37 95 16.867
37 87 1.991
37 41 29.022
37 50 33.804
67 37 10.316
75 37 53.777
51 37 8.777
43 37 17.079
52 37 60.416
37 55 25.248
37 70 11.735
98 37 37.643
91 37 88.648
45 37 63.768
85 37 91.522
68 37 32.492
54 37 59.926
76 37 27.794
37 63 7.073
42 37 15.494
90 37 49.418
39 37 14.115
37 81 19.408
89 37 38.884
37 65 65.631
37 57 52.472
37 53 54.104
37 48 70.570
82 37 78.842
72 37 84.000
37 71 30.590
37 56 51.769
77 37 28.039
87 38 22.022
38 84 38.408
79 38 21.699
55 38 48.640
58 38 96.497
38 51 56.758
38 86 77.826
38 67 90.030
38 80 51.034
38 42 52.669
63 38 62.049
39 38 48.099
38 69 15.264
50 38 94.938
38 71 40.816
38 97 63.969
38 54 43.218
38 91 11.259
38 44 82.282
38 96 98.197
82 38 34.845
41 38 33.176
38 48 45.805
38 45 61.650
38 53 81.544
92 38 80.662
95 38 93.979
89 38 35.077
38 83 77.915
38 40 40.075
70 38 81.680
38 76 65.775
38 57 94.075
93 38 14.582
38 98 87.584
73 38 42.627
88 38 7.183
38 47 36.951
85 38 41.407
66 38 52.403
78 38 82.966
39 50 27.489
73 39 53.882
39 63 97.010
43 39 80.071
49 39 72.621
39 65 60.711
39 81 17.184
39 92 13.500
46 39 98.743
85 39 43.939
39 52 87.024
55 39 20.963
39 47 40.598
53 39 57.567
39 79 66.560
75 39 90.487
39 97 58.959
39 68 51.063
83 39 75.139
39 57 64.308
87 39 51.057
39 86 55.967
39 45 13.773
39 74 69.550
39 59 89.219
39 41 23.892
89 39 58.850
39 61 73.835
39 44 78.635
39 72 20.771
90 39 87.254
39 67 48.990
39 84 4.329
95 39 73.864
71 39 66.509
76 39 31.707
54 39 98.660
56 39 16.411
96 39 91.507
43 40 50.215
40 69 33.605
93 40 45.568
66 40 77.649
40 71 65.891
85 40 84.550
92 40 22.507
58 40 99.044
40 48 70.475
40 72 89.037
81 40 39.062
41 40 89.839
40 52 79.408
40 44 97.930
40 60 39.289
56 40 13.366
40 47 40.984
40 89 59.187
40 83 44.616
88 40 72.532
80 40 47.429
46 40 98.101
65 40 39.765
79 40 29.688
86 40 26.319
50 40 88.906
40 97 33.540
78 40 58.587
40 91 17.250
40 82 32.113
40 68 29.087
63 40 31.571
96 40 16.547
74 40 63.231
45 40 49.768
40 49 18.693
41 43 7.277
41 72 87.861
95 41 30.630
80 41 61.654
81 41 47.648
68 41 7.886
41 66 73.425
49 41 28.366
55 41 59.161
71 41 83.577
41 65 53.413
84 41 29.032
41 46 94.877
59 41 52.998
92 41 81.431
75 41 91.700
50 41 60.133
41 96 34.215
41 51 26.374
41 89 17.675
74 41 93.242
41 97 42.517
41 56 92.392
77 41 14.184
41 60 84.859
94 41 75.797
41 79 37.840
41 93 17.714
54 41 46.354
41 73 4.962
41 76 44.609
58 41 68.967
41 48 6.016
88 41 65.486
41 53 0.952
90 41 52.207
41 83 66.759
41 98 80.897
66 42 96.083
98 42 1.817
55 42 56.842
42 51 1.398
60 42 32.387
54 42 75.470
75 42 68.936
42 68 68.313
58 42 28.655
80 42 0.359
42 95 66.733
42 57 61.979
42 65 88.594
42 46 32.229
42 59 95.326
50 42 23.259
42 52 92.531
42 89 13.688
77 42 71.730
86 42 87.408
42 84 33.141
42 63 65.991
97 42 46.989
42 81 85.986
47 42 42.715
42 93 8.182
61 42 63.190
42 62 37.534
42 82 44.465
42 69 29.320
42 79 36.059
87 42 22.476
42 70 92.542
72 42 2.794
76 42 80.372
43 85 59.786
84 43 79.874
43 75 95.273
43 45 98.783
43 54 30.876
43 58 46.122
52 43 80.386
43 79 60.338
90 43 23.932
73 43 3.690
56 43 60.394
49 43 41.293
43 94 89.830
43 74 91.420
66 43 14.462
63 43 38.154
83 43 84.141
43 91 66.702
43 77 17.175
43 68 96.818
64 43 97.957
95 43 7.641
67 43 89.763
43 78 30.539
43 53 2.144
43 60 44.368
43 97 25.594
48 43 38.793
44 43 26.695
43 61 17.822
43 93 85.752
81 43 0.538
43 82 77.240
43 50 70.638
43 92 61.868
92 44 13.408
44 54 69.574
69 44 69.802
44 73 17.057
44 91 70.738
48 44 28.669
65 44 97.807
44 82 77.335
44 74 57.502
44 78 4.201
44 68 7.059
85 44 76.777
44 63 68.637
86 44 85.581
44 98 33.862
56 44 19.425
77 44 50.726
81 44 59.373
89 44 61.268
44 72 22.634
44 96 36.752
84 44 84.897
79 44 80.967
70 44 30.150
58 44 53.503
53 44 32.862
93 44 69.444
47 44 46.570
44 95 72.211
44 83 55.942
88 44 92.406
44 90 29.597
44 76 66.886
44 59 68.846
97 44 65.930
44 71 77.237
50 44 32.261
55 44 52.686
45 55 83.985
60 45 24.798
71 45 60.154
45 84 2.871
45 65 82.418
45 70 77.941
66 45 2.774
61 45 88.001
45 58 63.268
67 45 12.099
45 54 13.284
64 45 50.353
62 45 17.219
56 45 16.582
45 74 36.432
46 45 15.000
87 45 41.943
75 45 57.308
45 76 10.732
57 45 23.179
72 45 30.043
45 78 37.647
50 45 19.956
85 45 46.393
63 45 12.671
69 45 28.746
45 90 53.817
45 83 11.142
46 58 45.930
55 46 89.834
78 46 59.144
82 46 84.800
79 46 61.859
77 46 62.797
89 46 36.743
46 95 42.074
46 56 12.616
46 93 20.191
72 46 29.926
80 46 30.909
49 46 94.044
94 46 5.342
63 46 39.361
46 57 99.910
75 46 8.027
69 46 9.300
46 91 46.354
46 83 43.127
46 84 63.058
46 68 85.639
46 51 68.761
46 66 63.512
92 46 8.764
97 46 99.189
47 46 27.031
46 59 61.261
46 48 44.101
94 47 49.516
47 91 40.349
47 55 78.171
47 85 75.871
47 54 76.795
47 60 68.608
47 48 43.220
47 88 91.185
47 50 47.540
47 77 35.582
67 47 76.003
47 53 14.416
47 82 35.309
84 47 97.614
47 52 20.488
96 47 39.209
56 47 39.163
69 47 25.472
47 66 6.574
63 47 73.629
51 47 6.308
47 90 93.876
47 79 10.043
47 49 52.806
47 65 14.414
47 93 71.083
83 47 43.658
47 86 70.120
49 48 96.361
93 48 40.419
48 59 66.901
48 64 79.172
52 48 78.348
69 48 90.291
88 48 25.503
50 48 63.819
89 48 89.212
74 48 29.091
48 60 26.380
48 76 83.588
48 70 63.205
56 48 87.444
63 48 21.453
85 48 44.369
82 48 13.694
71 48 18.322
78 48 23.565
96 48 52.872
80 48 12.305
48 95 25.599
48 86 22.818
48 98 95.308
48 84 70.431
61 48 65.177
91 48 36.636
79 48 10.689
51 48 9.701
48 75 44.900
73 48 61.887
68 48 10.622
48 83 68.384
48 94 11.763
55 48 35.384
49 65 28.974
49 72 67.260
49 64 6.492
71 49 68.022
74 49 68.422
49 88 85.124
49 52 43.421
49 53 77.749
93 49 22.411
49 96 55.855
54 49 81.169
79 49 62.502
49 87 78.560
49 83 5.543
63 49 0.994
60 49 61.830
49 98 68.190
49 97 41.888
76 49 25.464
91 49 45.837
51 49 7.540
80 49 14.585
82 49 18.089
49 58 54.943
61 49 75.878
85 49 87.607
49 90 79.052
49 73 48.838
89 49 86.528
49 78 74.370
49 56 33.167
68 49 35.501
49 69 86.199
81 49 65.220
49 57 20.859
88 50 27.058
93 50 59.511
79 50 70.705
78 50 84.917
72 50 38.803
50 73 32.734
50 94 22.515
56 50 19.053
70 50 25.386
95 50 90.239
50 61 88.271
83 50 90.067
50 51 89.399
50 91 17.544
97 50 26.940
85 50 65.523
59 50 36.236
50 81 50.997
87 50 82.066
50 62 76.859
50 63 85.434
50 74 49.089
50 52 52.236
50 67 46.657
55 50 76.369
50 82 47.920
50 77 42.615
92 50 85.349
50 64 21.513
50 76 8.067
96 50 46.887
54 50 42.547
50 80 66.578
50 89 27.593
50 65 12.683
62 51 60.557
51 78 25.921
51 81 27.939
51 91 96.102
79 51 20.123
51 90 6.623
51 96 94.545
67 51 46.892
83 51 3.654
71 51 16.329
89 51 51.193
77 51 59.619
51 60 80.105
53 51 85.482
64 51 76.706
80 51 86.379
51 92 58.080
88 51 33.431
51 97 19.394
86 51 70.062
51 55 38.002
84 51 12.486
51 72 68.612
56 51 56.201
51 95 6.181
98 51 42.744
73 51 66.069
52 51 89.122
65 51 85.392
69 51 56.754
63 51 92.892
51 57 44.250
75 51 25.601
52 59 70.467
52 75 79.772
52 94 40.685
97 52 66.691
52 58 21.224
53 52 14.759
52 64 86.243
52 63 13.155
78 52 11.395
91 52 9.597
83 52 18.664
52 56 88.660
55 52 90.878
61 52 10.367
71 52 6.740
84 52 2.194
52 76 88.176
52 73 72.891
52 89 57.172
70 52 31.058
52 60 76.319
52 77 73.562
67 52 99.954
52 85 24.359
52 86 24.382
88 52 90.373
96 52 4.836
52 80 71.488
68 52 9.018
87 52 64.723
52 66 96.352
52 65 22.923
76 53 48.731
62 53 75.549
53 89 88.182
53 90 31.346
53 67 14.304
53 97 75.253
53 77 9.219
69 53 52.950
78 53 95.274
53 64 10.372
53 79 2.318
95 53 38.545
53 84 56.390
53 66 97.676
53 87 58.798
74 53 97.468
91 53 89.258
85 53 24.567
98 53 61.299
53 57 6.642
54 53 51.485
53 80 16.579
71 53 5.313
53 92 44.337
81 53 80.645
82 53 97.971
53 65 84.679
93 53 16.065
53 70 6.729
53 73 2.252
53 86 53.541
53 88 47.340
53 56 6.099
54 61 85.398
64 54 79.501
84 54 14.033
54 76 85.585
54 92 10.021
54 71 13.063
82 54 26.701
56 54 1.097
54 68 84.297
54 55 22.955
65 54 87.982
78 54 42.996
54 85 76.833
72 54 39.429
98 54 32.827
94 54 64.893
54 69 10.164
54 74 73.912
54 91 18.079
77 54 17.152
54 58 36.416
83 54 77.968
54 75 2.418
54 93 25.246
70 54 42.865
57 54 72.970
90 54 46.451
73 54 13.626
54 87 44.895
54 80 19.856
54 60 82.150
79 54 24.188
62 54 65.596
84 55 33.656
55 77 64.903
55 61 21.126
55 80 57.178
93 55 39.982
55 79 16.542
73 55 59.978
55 87 84.389
89 55 81.138
55 97 48.849
55 65 16.942
55 81 4.435
63 55 77.870
55 78 70.675
98 55 85.898
55 96 80.288
55 71 23.878
55 82 82.684
55 56 76.372
55 75 0.609
67 55 1.174
55 74 13.974
55 90 1.208
94 55 89.260
86 55 12.886
55 85 50.250
66 55 95.890
57 55 73.658
95 55 81.070
55 62 83.891
75 56 36.909
56 89 55.510
70 56 27.817
64 56 6.395
56 74 50.247
56 86 16.384
56 59 40.882
84 56 33.150
72 56 3.938
58 56 18.220
56 57 7.029
81 56 41.211
56 92 10.944
56 90 25.278
56 87 13.829
79 56 90.950
56 63 64.055
56 88 27.673
68 56 5.346
71 56 52.862
56 66 15.426
69 56 26.221
56 76 15.432
56 82 50.465
77 56 15.468
78 56 64.307
57 84 19.073
57 93 65.632
72 57 46.032
66 57 89.027
57 75 25.850
76 57 16.053
91 57 14.672
62 57 73.888
79 57 23.522
86 57 32.196
96 57 20.425
57 63 30.647
68 57 17.646
57 98 2.053
65 57 13.600
57 80 34.613
61 57 57.057
57 83 34.731
57 88 56.132
57 73 26.429
57 77 90.266
57 64 83.204
57 87 58.813
94 57 60.256
78 57 93.734
57 90 4.699
57 89 96.189
57 82 81.753
57 67 1.917
91 58 39.854
58 79 10.417
90 58 74.633
58 87 40.426
72 58 91.524
58 92 54.448
58 74 67.533
58 64 49.668
58 98 92.697
58 96 60.017
85 58 61.781
58 73 22.062
58 62 75.284
77 58 15.151
71 58 82.287
58 59 54.251
58 95 34.457
58 81 53.772
86 58 28.076
68 58 70.806
58 67 22.822
69 58 67.413
78 58 15.410
63 59 43.627
59 84 19.519
83 59 55.736
75 59 83.880
77 59 47.158
71 59 80.176
62 59 25.134
66 59 74.729
85 59 66.751
59 98 15.805
81 59 46.475
76 59 78.729
95 59 5.626
70 59 68.445
59 88 41.376
59 74 26.787
59 86 38.467
67 59 27.066
59 90 60.473
59 60 12.609
59 64 37.535
91 59 3.475
82 59 84.100
59 72 90.752
59 80 24.942
92 59 61.968
66 60 91.960
60 92 54.668
68 60 34.279
60 98 87.264
60 82 42.270
60 97 99.319
60 73 3.858
75 60 58.995
60 76 73.726
60 96 46.757
87 60 42.708
60 89 56.604
60 88 53.635
86 60 77.546
60 67 88.010
74 60 82.407
60 70 2.506
60 72 4.603
60 93 95.208
60 83 50.873
80 60 80.987
60 65 62.392
84 60 94.267
60 69 18.604
60 78 25.627
89 61 42.990
61 85 95.157
61 65 56.993
77 61 3.161
82 61 22.720
81 61 7.442
61 73 88.448
61 94 18.910
61 97 82.203
74 61 46.190
61 69 25.858
61 71 14.030
61 76 60.310
61 98 67.308
95 61 46.781
88 61 8.908
68 61 83.323
61 63 21.220
86 61 37.511
61 70 30.954
62 88 70.159
86 62 13.577
77 62 53.637
62 91 59.631
62 78 43.331
93 62 80.104
96 62 60.470
67 62 8.116
62 64 48.630
62 75 60.339
62 76 71.378
62 92 91.931
62 68 53.273
90 62 66.828
87 62 62.345
62 80 27.597
62 70 77.836
66 62 83.150
95 62 24.396
85 62 73.935
83 62 96.382
97 62 34.281
89 62 15.199
62 71 42.232
74 62 5.551
82 62 96.759
62 63 59.988
62 94 99.502
83 63 49.139
67 63 93.694
94 63 36.198
63 93 33.968
63 68 28.764
63 69 89.561
71 63 2.458
85 63 88.804
66 63 65.044
73 63 64.932
97 63 17.544
84 63 19.257
75 63 83.984
86 63 24.592
95 63 64.555
63 92 5.691
76 63 8.068
63 96 59.070
63 70 5.528
91 63 99.466
63 72 90.357
63 74 90.419
81 63 47.787
82 63 37.358
63 78 83.864
63 98 14.403
64 69 28.089
66 64 99.213
93 64 32.179
64 85 69.458
98 64 38.827
96 64 36.840
80 64 79.077
64 67 42.082
64 82 38.645
64 81 46.304
64 88 49.912
64 94 85.557
64 87 81.507
64 92 64.306
68 64 19.088
71 64 97.670
64 70 99.752
77 64 14.921
72 64 44.815
64 74 87.545
76 64 93.638
89 64 10.456
78 64 15.978
86 64 72.102
91 65 78.461
65 75 17.715
65 73 16.070
88 65 29.886
85 65 71.188
65 71 57.153
65 77 16.545
65 74 69.404
93 65 35.494
87 65 58.409
97 65 28.930
65 72 31.200
82 65 36.155
65 86 48.277
70 65 35.301
94 65 21.704
96 65 68.304
65 95 17.874
65 68 61.091
65 76 21.929
65 98 10.760
84 65 99.801
65 79 23.829
67 66 96.932
66 94 48.679
82 66 30.211
66 91 41.728
66 97 42.324
66 96 19.613
66 90 53.601
70 66 2.187
66 71 12.843
85 66 32.408
66 78 19.637
66 74 59.774
93 66 37.255
66 83 1.855
76 66 51.633
66 95 22.855
66 77 84.051
68 67 53.762
70 67 25.018
69 67 61.043
95 67 24.354
67 97 5.171
72 67 94.498
67 96 71.998
77 67 58.719
67 87 53.723
85 67 93.987
79 67 74.636
98 67 72.466
92 67 8.568
83 67 65.581
67 93 8.256
67 90 87.586
67 84 54.451
67 82 96.735
67 89 72.750
67 80 78.437
81 67 66.163
88 67 27.719
74 67 39.267
94 67 69.178
67 75 82.231
68 85 82.351
93 68 7.010
68 87 18.008
95 68 30.230
74 68 94.446
73 68 15.335
90 68 66.104
68 72 5.995
68 84 18.529
71 68 86.501
68 80 82.402
68 88 95.470
69 68 90.328
77 68 94.701
76 68 13.912
68 92 48.262
81 68 78.786
68 83 20.188
68 79 20.428
69 81 24.571
91 69 5.383
93 69 87.677
74 69 63.870
73 69 87.261
69 76 72.925
69 80 1.569
79 69 63.755
89 69 55.638
95 69 73.304
69 88 31.305
69 78 61.335
75 69 94.659
83 69 54.798
82 69 29.924
69 86 50.654
69 70 43.059
69 71 96.993
85 69 41.284
69 96 39.340
72 69 15.763
70 92 17.593
72 70 37.871
90 70 11.362
95 70 84.392
70 88 50.196
78 70 62.786
74 70 41.451
94 70 7.910
70 82 81.136
80 70 23.504
73 70 68.934
70 84 24.246
71 70 0.550
70 79 30.797
70 91 89.683
71 87 3.703
71 79 82.853
71 72 71.170
71 74 74.205
71 88 10.752
86 71 67.881
75 71 92.271
83 71 35.594
77 71 90.570
80 71 18.220
71 84 17.244
93 71 43.094
97 71 30.610
71 85 15.591
71 73 85.998
72 96 20.482
86 72 13.251
72 90 98.106
72 74 19.262
94 72 46.578
97 72 70.805
82 72 43.427
91 72 15.582
72 78 38.756
72 80 29.777
84 72 17.098
93 72 75.419
72 98 90.306
72 81 2.760
92 72 75.196
73 80 60.448
73 82 6.449
73 91 62.190
94 73 94.490
73 92 39.626
76 73 37.017
78 73 62.391
73 74 17.420
73 77 62.020
98 73 36.541
81 73 68.748
73 89 14.031
96 73 64.300
77 74 47.932
92 74 65.685
87 74 63.209
74 97 5.007
74 83 96.512
82 74 83.072
74 76 71.154
74 90 99.773
88 74 99.355
74 84 18.304
74 94 78.718
75 74 71.189
93 74 62.405
74 81 50.117
89 74 77.197
74 79 23.081
85 74 79.313
97 75 42.581
95 75 33.348
92 75 23.764
80 75 41.183
75 98 49.492
75 96 3.412
83 75 58.456
75 91 99.517
90 75 93.113
75 88 12.539
75 77 94.777
94 75 65.901
93 75 84.947
87 75 82.276
75 78 94.156
79 75 60.897
77 76 0.354
95 76 91.287
76 87 40.625
76 97 74.252
78 76 38.546
76 86 46.572
76 91 65.191
80 76 41.675
82 76 55.816
81 76 55.729
92 76 98.782
76 79 58.998
76 89 72.109
77 81 43.564
77 78 61.766
98 77 15.577
94 77 57.866
86 77 66.256
77 87 50.178
80 77 70.005
77 91 63.356
88 77 85.928
77 93 30.204
84 77 34.473
77 95 31.551
77 90 14.082
92 77 92.817
85 77 81.339
77 97 95.452
77 83 43.282
91 78 66.826
89 78 61.382
78 83 80.610
78 90 78.131
93 78 68.565
80 78 8.660
78 92 36.859
87 78 38.891
78 88 87.017
78 98 66.386
85 78 85.224
79 95 30.440
79 92 93.984
90 79 86.711
82 79 71.290
79 87 11.175
79 91 42.855
85 79 56.925
79 86 92.163
79 84 86.762
79 88 28.043
89 79 73.107
79 80 21.264
79 83 85.774
79 81 96.858
97 79 76.735
82 80 99.418
80 98 9.752
80 93 34.303
80 83 74.199
80 81 8.626
85 80 91.810
80 96 62.096
88 80 29.619
80 86 86.324
87 80 77.273
80 90 91.116
80 84 16.438
80 94 76.811
91 80 8.385
95 80 82.378
80 97 11.035
85 81 27.700
81 83 77.231
90 81 85.681
98 81 78.340
92 81 0.822
89 81 67.061
94 81 84.383
86 81 56.108
82 81 76.495
82 92 27.357
86 82 43.507
96 82 98.828
82 84 78.498
97 82 34.870
82 94 88.503
82 83 81.684
98 82 73.030
82 88 50.474
91 82 41.704
82 90 55.145
88 83 98.381
83 98 70.670
90 83 6.334
93 83 61.605
83 84 95.526
95 83 9.143
83 91 93.164
94 83 58.304
83 87 89.756
83 86 6.884
96 83 48.698
83 85 47.860
83 89 69.388
84 92 54.837
84 91 32.632
84 85 35.096
84 88 28.320
84 89 74.055
84 98 49.960
95 84 76.886
84 97 19.538
84 90 95.527
87 85 9.527
85 93 5.730
85 96 80.588
85 91 16.631
94 85 42.736
85 92 74.258
98 85 69.578
85 95 25.573
90 85 16.107
86 93 38.139
94 86 3.150
98 86 79.797
86 97 37.720
86 87 66.133
90 86 48.998
95 86 48.505
88 86 77.234
86 92 65.371
86 91 11.042
95 87 95.387
87 91 4.648
87 94 44.148
87 88 71.574
87 90 48.018
87 92 47.313
87 98 22.657
97 87 93.638
95 88 10.831
93 88 49.478
90 88 43.189
91 88 56.511
88 89 1.281
97 89 93.318
89 90 16.276
89 93 71.575
92 89 42.711
98 89 51.181
89 91 94.870
94 89 57.881
92 90 96.155
93 90 28.423
90 94 29.129
90 96 12.890
97 90 34.590
91 95 64.710
93 91 31.239
92 91 37.861
91 96 7.423
98 91 21.545
92 93 66.713
92 96 73.102
97 92 28.646
92 98 99.820
93 95 0.208
93 96 46.447
94 93 50.954
94 97 83.019
95 94 77.401
98 95 65.174
98 96 74.533
97 98 66.636
