100
37 0 1.938
0 92 0.311
11 0 0.458
0 25 1.166
0 22 1.615
63 0 0.542
98 0 0.481
76 0 1.440
97 0 1.996
0 60 0.109
0 91 1.754
29 0 1.448
0 2 0.491
0 14 1.748
5 0 0.385
4 0 1.719
0 8 0.198
75 0 0.378
84 0 0.643
62 0 0.543
99 0 0.767
0 48 1.773
79 0 1.520
23 0 0.161
0 9 1.323
20 0 1.214
88 0 0.813
73 0 1.230
0 46 0.442
0 45 0.621
67 0 0.397
36 0 1.727
0 52 0.911
1 0 0.254
49 0 1.575
42 0 1.839
0 78 0.567
31 0 1.565
74 0 0.355
0 51 0.311
0 34 1.423
43 0 0.799
56 0 0.588
59 0 1.991
25 1 0.258
97 1 1.591
75 1 0.628
72 1 0.001
1 21 0.384
1 63 1.833
60 1 1.858
64 1 1.747
1 45 0.884
1 54 0.222
87 1 0.159
13 1 1.123
1 82 1.133
26 1 1.212
99 1 1.916
11 1 0.151
12 1 1.418
1 83 0.586
94 1 0.037
1 3 1.559
1 29 1.415
1 61 1.894
66 1 0.566
1 95 0.468
57 1 0.096
38 1 0.698
1 42 0.232
35 1 1.010
1 28 0.260
19 1 1.747
1 14 1.700
31 1 1.426
1 8 1.921
2 17 0.496
88 2 0.446
2 31 0.148
2 82 1.369
39 2 1.045
15 2 0.655
22 2 1.142
33 2 0.936
2 36 1.781
51 2 0.962
43 2 1.404
16 2 1.366
2 41 0.563
2 79 0.655
5 2 0.275
57 2 1.829
48 2 1.621
11 2 1.531
2 30 0.358
34 2 1.890
2 78 1.891
2 98 0.277
2 27 0.926
29 2 0.337
2 52 1.003
99 2 0.291
62 2 0.623
2 59 1.425
65 2 0.071
85 2 1.236
83 2 1.567
2 6 1.870
2 26 1.087
9 3 0.804
27 3 1.363
35 3 1.361
3 82 1.245
73 3 0.843
3 31 1.137
60 3 0.687
3 39 0.640
3 14 0.572
3 8 1.935
48 3 1.403
3 66 0.307
3 13 1.282
22 3 1.985
3 89 1.517
3 37 1.718
80 3 1.349
53 3 0.928
36 3 1.557
3 33 0.657
90 3 0.547
3 38 1.410
3 68 0.136
3 75 1.552
86 3 1.612
3 7 0.796
3 16 1.419
26 3 0.668
91 3 1.838
24 3 1.038
10 3 1.327
67 3 1.519
3 17 1.299
70 3 0.620
3 28 1.988
3 54 1.526
61 3 1.279
96 3 0.533
3 21 1.963
50 3 1.264
3 81 1.276
3 20 0.508
72 3 1.428
42 3 1.757
94 3 0.354
29 4 1.416
4 53 1.976
98 4 1.922
4 82 0.164
63 4 1.911
40 4 1.580
4 60 0.043
4 94 1.272
4 47 0.629
16 4 1.706
76 4 1.537
4 90 0.159
36 4 0.527
4 70 0.484
4 86 1.683
59 4 1.561
4 34 0.844
4 80 1.840
4 62 1.403
27 4 0.387
4 81 0.137
57 4 0.319
4 46 0.561
4 7 1.399
88 4 1.636
4 85 0.090
45 4 0.937
4 99 1.310
52 4 0.087
43 4 1.173
4 23 0.851
4 87 0.002
31 4 1.856
4 73 0.270
4 71 1.475
38 4 1.454
42 4 0.812
19 4 0.477
4 48 1.413
4 33 1.529
4 26 1.672
56 4 0.865
4 78 0.669
25 4 0.773
75 4 1.717
44 4 0.574
77 4 0.194
9 4 0.576
5 58 0.244
5 38 1.702
5 80 1.362
43 5 0.148
41 5 1.824
42 5 0.615
39 5 0.419
9 5 1.393
5 79 1.946
5 72 0.747
5 32 0.805
76 5 1.554
5 89 1.692
86 5 1.642
70 5 1.437
5 36 0.423
62 5 1.332
81 5 0.232
5 65 1.189
27 5 0.169
5 51 1.444
5 67 1.337
8 5 1.933
88 5 1.929
85 5 0.693
5 71 0.910
83 5 1.852
44 5 0.390
5 95 1.370
5 30 1.268
99 5 1.715
82 5 0.532
23 5 1.645
5 29 0.742
31 5 1.234
5 91 0.187
5 78 1.540
5 28 0.115
21 5 0.382
5 48 1.834
24 6 0.351
6 70 0.065
84 6 0.091
31 6 1.711
6 46 0.154
80 6 0.340
6 71 1.634
87 6 0.394
6 32 0.266
6 14 1.904
49 6 1.381
52 6 1.785
59 6 0.219
6 98 1.570
6 77 1.017
37 6 1.339
13 6 1.575
6 15 1.101
6 27 1.046
6 29 1.194
6 19 0.458
6 23 0.051
45 6 1.282
63 6 0.764
6 74 1.383
6 25 1.674
6 94 1.107
97 6 0.855
41 6 1.489
96 6 1.582
78 6 1.723
6 42 1.247
6 48 0.380
92 6 1.757
99 6 0.770
73 6 1.952
26 6 1.411
6 21 0.214
85 6 1.247
7 93 0.905
7 11 1.848
7 64 0.073
7 74 1.952
17 7 1.160
7 23 0.063
81 7 1.690
25 7 0.030
52 7 0.925
39 7 0.303
49 7 0.775
7 15 0.797
7 91 1.634
85 7 0.428
33 7 0.107
7 97 1.471
20 7 1.267
7 51 0.428
7 89 1.059
7 16 0.915
94 7 1.773
7 69 0.551
7 18 1.636
78 7 0.719
92 7 0.367
12 7 0.066
7 26 1.200
99 7 0.570
7 75 0.995
87 7 1.670
7 22 0.806
7 46 0.670
7 19 0.398
7 79 1.270
7 47 0.353
68 7 0.930
57 7 0.594
27 7 0.551
7 34 0.136
44 7 0.719
7 59 1.661
7 76 1.265
21 8 1.374
98 8 0.028
8 80 1.222
8 94 0.724
8 81 0.292
15 8 1.944
13 8 1.177
25 8 1.933
8 83 0.525
90 8 0.286
38 8 1.057
8 33 1.605
64 8 0.855
58 8 1.767
16 8 0.524
8 30 0.164
69 8 0.115
44 8 0.952
36 8 0.261
8 23 1.086
8 82 1.218
14 8 0.721
8 31 1.229
8 20 1.185
8 71 1.117
54 8 0.576
62 8 1.601
8 42 1.562
8 12 0.005
97 8 1.533
8 50 1.972
47 8 0.003
8 40 0.121
26 8 0.357
8 68 1.674
76 8 1.922
8 10 1.705
29 8 0.141
23 9 1.450
9 50 1.235
96 9 0.912
9 93 1.044
9 90 0.370
33 9 1.351
98 9 0.707
9 97 0.495
9 14 0.015
9 15 1.843
27 9 1.903
9 59 1.088
92 9 0.572
38 9 1.168
80 9 0.279
36 9 1.505
89 9 1.770
9 99 0.428
63 9 1.468
9 21 1.371
53 9 0.737
84 9 1.757
9 91 1.497
75 9 1.935
48 9 0.525
9 69 0.605
87 9 0.746
31 9 0.694
18 9 1.517
29 9 0.601
9 79 1.096
9 45 0.602
9 83 0.881
65 9 1.682
12 9 0.717
60 9 1.883
9 71 1.500
70 9 1.021
9 20 1.891
46 9 1.362
9 76 0.765
67 10 0.136
10 82 0.946
78 10 1.972
10 14 0.115
10 12 0.563
10 75 1.349
33 10 0.973
63 10 0.486
10 48 0.024
10 80 1.042
69 10 0.920
98 10 0.123
99 10 0.974
88 10 1.101
10 90 0.568
13 10 1.999
10 54 1.890
71 10 1.878
10 72 1.028
83 10 0.546
15 10 1.457
24 10 1.454
93 10 1.131
10 21 1.850
10 38 1.895
32 10 0.132
39 10 0.365
77 10 1.808
10 66 0.710
87 10 1.575
10 40 0.892
50 10 1.242
10 49 1.880
51 10 0.590
10 36 1.168
47 10 1.576
79 10 1.140
42 10 1.456
62 10 0.337
10 55 1.150
10 11 0.687
11 80 1.711
11 67 1.683
18 11 1.755
96 11 1.970
69 11 0.062
72 11 0.886
68 11 0.934
11 43 1.527
11 97 0.113
23 11 0.567
11 45 1.627
11 17 0.786
20 11 1.210
83 11 1.152
36 11 0.554
56 11 0.073
11 14 1.131
11 86 1.309
11 49 1.637
52 11 1.672
29 11 1.050
34 11 0.166
11 27 0.207
58 11 1.327
11 26 0.661
39 11 0.953
21 11 0.833
78 11 1.469
11 42 1.825
99 11 1.472
11 65 1.746
74 11 0.142
47 11 1.122
11 30 0.539
11 35 1.389
11 22 1.546
66 11 1.859
11 41 1.122
11 98 0.795
11 25 1.680
11 60 0.281
12 11 1.188
11 94 0.212
70 11 0.839
60 12 0.529
33 12 1.020
55 12 1.003
12 95 0.568
12 49 0.084
12 69 1.289
12 47 0.589
25 12 0.962
12 78 1.399
12 71 1.904
31 12 1.838
80 12 0.351
12 85 0.565
88 12 1.075
12 20 1.496
54 12 0.288
97 12 0.778
92 12 1.505
12 27 1.636
12 93 0.025
12 62 0.887
12 18 0.638
35 12 1.360
12 94 1.578
12 17 0.131
12 28 1.909
12 72 0.707
12 61 0.533
57 12 0.978
68 12 0.632
24 12 1.827
12 86 0.484
12 42 0.377
12 63 0.344
12 56 0.358
12 91 0.178
45 12 1.457
12 99 1.008
12 96 0.605
12 32 0.087
53 12 0.528
12 82 0.089
51 12 0.506
12 81 0.778
12 50 1.482
73 13 0.372
13 25 0.735
27 13 0.914
13 69 0.411
40 13 1.895
13 48 1.070
98 13 0.056
13 93 1.190
94 13 1.947
13 22 1.895
81 13 1.490
75 13 1.268
13 31 0.580
13 21 1.244
13 20 0.789
80 13 1.521
30 13 0.667
13 57 1.769
13 46 1.054
13 92 1.590
13 38 0.029
13 41 1.863
88 13 0.934
13 79 0.336
13 97 0.631
13 89 0.155
16 13 1.457
13 51 1.871
13 56 1.668
13 23 1.635
86 13 0.637
33 13 0.086
13 78 0.720
96 13 0.770
13 14 1.247
13 87 1.794
52 13 1.127
42 13 0.211
61 13 1.691
55 13 1.880
13 82 1.310
13 17 0.316
13 39 1.215
84 13 1.783
13 59 1.507
14 50 1.896
83 14 0.194
41 14 0.544
14 71 1.925
14 19 1.729
14 78 1.013
14 44 0.290
14 16 1.183
39 14 0.970
52 14 0.811
25 14 1.578
33 14 1.607
49 14 1.233
56 14 0.412
88 14 0.044
73 14 1.915
24 14 0.980
14 64 0.431
14 18 0.718
14 38 1.227
32 14 1.111
15 14 1.867
80 14 1.834
14 36 0.542
81 14 0.638
14 85 0.744
14 87 1.674
14 60 0.503
68 14 0.840
14 95 0.796
54 14 1.315
14 34 0.375
14 91 1.876
14 48 1.895
90 14 0.959
92 14 1.609
96 14 1.108
75 14 0.764
22 14 0.430
14 37 1.478
99 14 1.462
57 14 1.437
79 14 0.677
14 65 1.509
63 14 1.514
14 17 1.351
15 78 1.998
51 15 0.483
15 29 0.436
98 15 0.715
42 15 0.146
15 87 1.453
15 23 1.279
15 21 0.190
20 15 0.932
45 15 0.712
15 58 0.748
15 75 1.990
15 17 0.298
77 15 0.942
15 66 1.267
64 15 1.066
99 15 0.532
15 85 1.284
15 89 0.017
74 15 0.407
15 86 1.061
15 71 0.589
50 15 0.854
15 36 1.026
47 15 0.682
95 15 0.274
59 15 0.640
16 81 0.081
85 16 1.842
16 28 0.932
16 29 1.003
40 16 1.850
95 16 0.733
88 16 1.139
16 80 1.682
50 16 0.592
32 16 1.793
78 16 0.587
49 16 0.126
17 16 0.459
76 16 0.318
16 87 0.520
16 65 0.841
30 16 1.748
45 16 0.951
54 16 0.136
57 16 1.851
68 16 1.899
16 24 1.760
34 16 1.430
47 16 0.538
16 39 1.733
16 72 1.146
43 16 1.536
69 16 1.501
58 16 0.354
64 16 0.326
82 16 0.590
62 16 0.146
67 16 1.440
16 19 0.759
17 98 1.374
17 99 1.973
58 17 0.976
17 33 0.733
17 29 1.181
60 17 1.496
17 69 1.982
92 17 1.707
85 17 1.005
84 17 1.515
17 20 0.052
54 17 0.022
17 43 1.116
17 67 0.527
17 96 0.262
17 91 1.537
70 17 0.673
17 77 1.977
42 17 0.622
17 79 1.086
48 17 1.497
24 17 1.473
19 17 1.166
17 40 1.362
17 71 1.255
44 17 0.141
80 17 0.535
17 32 0.950
39 17 0.162
17 65 1.948
68 17 0.125
51 17 1.603
55 17 0.187
17 25 0.925
17 49 1.609
17 87 1.610
63 17 1.043
17 89 1.532
36 17 0.884
18 22 1.548
18 55 0.932
18 96 1.291
18 53 0.206
18 56 0.692
51 18 0.240
18 49 0.136
18 87 0.310
18 58 0.702
18 90 1.251
57 18 1.824
18 50 0.251
46 18 1.890
88 18 0.346
18 32 0.249
18 71 1.391
18 95 1.302
77 18 1.840
18 92 0.595
40 18 1.633
18 63 0.727
18 33 1.152
30 18 0.322
18 61 0.934
30 19 0.868
71 19 0.370
67 19 1.163
19 73 0.249
46 19 1.101
19 39 1.261
19 84 1.136
80 19 0.021
31 19 0.591
50 19 0.568
19 26 1.603
19 47 0.897
19 24 0.456
82 19 1.273
95 19 0.971
19 27 0.355
61 19 0.354
19 49 0.089
64 19 0.817
68 19 0.141
89 19 1.023
19 88 1.379
99 19 0.797
20 77 0.491
50 20 1.486
20 38 1.049
51 20 0.174
95 20 1.314
92 20 0.290
20 67 0.085
20 45 0.322
44 20 0.142
53 20 0.564
20 78 1.333
20 97 0.625
20 74 1.053
20 91 0.331
81 20 1.080
20 57 1.697
20 41 0.985
42 20 1.908
72 20 1.515
20 68 0.080
20 31 1.772
20 37 1.015
84 20 0.872
20 21 1.356
32 20 0.418
69 20 1.647
49 20 1.107
90 20 1.018
20 56 0.360
25 20 0.240
20 23 1.571
24 20 1.798
61 21 0.251
65 21 1.720
21 78 1.707
21 62 0.761
22 21 1.946
21 34 1.299
21 82 1.018
21 23 1.952
21 80 0.454
21 71 1.405
21 30 0.789
88 21 0.899
63 21 1.866
21 29 0.613
21 69 0.850
21 64 0.198
21 58 0.003
21 53 0.445
21 33 0.855
21 89 0.482
95 21 1.382
21 56 0.110
21 60 1.987
51 21 0.683
21 43 0.714
21 54 0.124
21 74 1.368
25 21 0.596
21 97 1.676
76 21 1.584
21 42 0.167
92 21 1.067
87 21 1.300
46 21 1.374
37 21 0.733
22 41 0.003
67 22 1.190
25 22 1.044
22 77 0.368
44 22 0.031
22 54 0.312
81 22 1.138
84 22 0.575
78 22 1.226
32 22 1.389
22 89 1.691
22 66 0.246
22 30 1.321
22 74 0.008
80 22 0.967
83 22 0.880
22 52 0.397
22 40 0.230
70 22 0.060
91 22 0.506
55 22 0.703
90 22 0.248
22 94 0.312
45 22 0.971
59 22 0.139
22 73 0.645
75 22 1.886
22 72 0.162
22 93 0.467
23 70 1.064
23 43 0.398
45 23 0.164
23 86 0.637
60 23 0.581
59 23 0.870
23 61 0.787
23 46 0.780
23 77 0.040
23 41 0.880
23 78 1.135
51 23 0.769
84 23 1.294
93 23 0.473
23 99 1.601
83 23 1.140
23 96 0.848
23 25 0.602
89 23 1.526
76 23 1.060
75 23 0.904
23 38 0.443
23 65 1.946
23 97 0.007
98 23 1.854
23 49 1.471
24 64 0.993
24 92 0.236
24 72 1.978
24 79 0.626
24 42 1.384
24 55 1.468
41 24 0.054
24 65 0.710
51 24 0.256
24 87 0.929
24 66 0.598
61 24 1.794
24 97 0.525
99 24 1.942
32 24 1.661
24 62 1.899
24 93 1.791
96 24 1.743
24 67 0.866
24 26 1.108
45 24 1.387
24 74 1.596
24 88 0.213
52 24 1.677
24 69 1.074
85 24 0.587
24 76 1.623
53 24 0.018
24 98 0.900
24 82 1.870
24 49 0.063
58 24 1.737
25 29 1.776
34 25 0.092
87 25 1.653
25 81 1.451
62 25 0.474
55 25 1.922
84 25 1.960
53 25 0.354
25 54 0.946
25 68 0.946
59 25 0.406
58 25 1.800
56 25 1.844
25 42 0.196
25 43 0.191
25 40 1.029
25 93 0.136
25 28 1.390
25 98 0.330
25 80 0.332
25 91 0.572
25 26 0.864
67 25 1.541
25 79 0.346
25 63 0.199
65 25 0.817
85 25 0.296
25 30 0.711
25 86 1.310
25 45 1.392
73 25 1.423
76 25 0.915
97 25 1.085
26 34 1.046
26 36 1.376
81 26 0.537
79 26 0.231
80 26 1.844
63 26 1.643
85 26 1.717
26 52 0.869
76 26 1.045
26 83 0.004
26 27 0.506
26 28 0.319
26 75 1.474
89 26 1.500
26 48 1.293
56 26 0.853
65 26 1.933
26 39 1.470
95 26 1.846
60 26 1.351
26 40 0.830
26 35 1.864
26 55 1.963
93 26 1.303
26 51 1.360
64 26 1.508
84 26 1.855
45 26 1.484
26 30 0.673
26 31 0.563
26 99 0.769
27 89 0.368
53 27 1.638
27 44 1.697
27 62 0.060
58 27 1.483
97 27 1.202
27 78 1.345
51 27 1.495
27 68 0.578
27 79 0.146
27 55 0.409
27 48 1.583
27 86 1.554
27 71 1.751
27 69 1.432
31 27 0.948
27 45 1.381
41 27 0.810
27 63 0.521
27 54 1.304
27 74 0.688
27 82 1.736
98 27 0.565
80 27 0.818
40 27 1.434
27 50 1.073
27 99 1.065
27 37 0.455
61 27 1.343
81 27 0.143
28 52 0.744
71 28 1.079
28 40 1.280
28 88 1.312
28 66 1.457
85 28 1.704
28 29 0.512
28 60 0.741
28 76 0.384
28 36 0.878
72 28 1.342
28 79 0.240
92 28 0.211
38 28 0.452
45 28 1.280
28 74 1.789
98 28 1.355
57 28 1.447
90 28 1.074
28 64 1.731
28 35 1.094
65 28 1.130
47 28 1.437
59 28 1.803
78 28 1.778
77 28 0.494
28 37 0.646
58 28 0.768
28 33 1.381
44 28 0.911
47 29 0.501
64 29 0.901
76 29 1.465
29 81 0.986
48 29 1.537
97 29 0.427
29 43 1.273
85 29 1.218
41 29 1.721
29 52 0.658
29 66 1.839
29 45 0.893
29 30 0.297
60 29 1.288
29 88 0.382
29 53 0.316
49 29 0.898
29 59 0.973
54 29 1.128
80 29 1.094
35 29 0.763
29 70 0.706
34 29 1.330
29 39 0.868
29 58 1.801
29 91 1.846
29 33 0.562
69 29 1.152
29 74 1.330
79 29 0.254
87 30 1.958
30 35 1.145
30 74 0.909
30 70 1.860
82 30 1.544
30 99 1.882
46 30 0.959
30 40 0.361
30 50 0.402
97 30 0.001
37 30 1.729
30 41 0.139
77 30 1.289
63 30 0.845
30 72 0.485
76 30 0.766
38 30 1.930
64 30 1.075
52 30 1.286
30 53 0.274
30 51 0.600
44 30 1.169
30 75 0.747
31 30 1.292
30 57 0.552
49 30 1.108
30 71 1.148
68 30 1.333
30 65 0.652
95 30 0.244
68 31 1.309
81 31 0.852
80 31 1.408
31 70 1.086
31 65 1.973
31 76 1.812
69 31 1.250
57 31 0.030
74 31 0.034
91 31 0.997
94 31 0.642
31 87 1.472
72 31 0.710
31 55 0.273
31 88 0.077
46 31 1.655
83 31 0.139
31 85 0.275
31 84 0.382
56 31 0.774
31 99 1.242
62 31 1.487
31 98 1.987
33 31 0.901
95 31 0.504
31 47 0.094
31 89 1.109
31 86 0.912
71 31 1.749
31 92 1.220
32 86 0.112
66 32 0.785
32 92 1.128
32 76 1.707
32 91 0.771
96 32 0.286
38 32 0.337
32 49 1.736
32 39 0.463
32 50 0.296
32 99 1.009
32 95 1.476
32 85 0.715
79 32 0.208
94 32 0.991
83 32 1.186
32 42 0.802
75 32 0.389
65 32 0.626
57 32 0.456
32 78 0.653
35 32 0.459
32 47 1.783
32 77 1.536
37 32 0.539
54 32 1.692
68 33 0.631
33 69 1.578
33 73 1.727
33 49 1.474
33 65 1.034
33 59 0.956
60 33 0.975
88 33 0.715
57 33 0.519
43 33 1.719
33 92 0.200
77 33 0.236
33 61 1.605
39 33 1.327
33 35 0.157
51 33 0.876
36 33 1.414
52 33 0.191
33 87 0.310
33 48 0.726
33 37 0.225
47 33 0.317
33 74 1.183
33 71 0.271
33 62 0.201
76 33 0.421
85 33 1.707
33 67 0.383
34 78 1.110
77 34 1.471
49 34 1.797
59 34 1.489
55 34 1.020
91 34 1.764
65 34 1.781
95 34 1.903
34 69 0.106
34 53 0.106
34 52 1.929
56 34 1.181
90 34 0.219
34 46 1.340
34 75 1.894
34 97 1.549
34 44 1.801
34 40 0.869
34 84 1.499
51 34 1.198
34 94 1.577
67 34 1.451
37 34 0.830
80 34 1.903
34 93 1.725
34 66 1.935
34 38 1.889
34 73 0.721
35 78 0.082
35 65 1.605
40 35 0.587
55 35 0.847
35 83 1.344
52 35 1.130
35 94 1.332
35 36 1.995
35 87 0.813
35 81 1.586
35 97 1.266
35 63 1.929
35 46 0.176
35 62 1.041
38 35 1.604
35 84 0.988
35 66 0.384
35 70 1.085
35 37 0.613
35 42 0.092
93 35 0.558
64 35 0.444
35 98 1.596
54 35 0.410
68 36 0.643
36 64 1.412
36 39 1.040
74 36 1.050
36 63 1.622
49 36 0.036
36 91 1.888
36 60 1.333
36 76 1.788
84 36 0.972
36 78 1.471
40 36 0.976
36 96 0.145
52 36 0.447
46 36 1.432
47 36 1.655
36 55 0.131
65 36 1.154
36 53 0.080
79 36 0.030
93 36 1.196
98 36 0.958
36 41 0.818
80 36 0.857
67 36 1.424
73 37 1.522
80 37 0.290
37 79 1.492
37 69 0.201
87 37 0.472
37 55 0.984
37 65 1.721
98 37 0.133
37 40 1.979
37 64 0.454
44 37 1.476
37 43 0.403
37 47 0.061
37 95 1.839
75 37 0.006
93 37 0.290
37 63 0.181
97 37 0.837
68 37 1.734
88 37 0.399
37 83 0.609
89 37 1.718
54 37 1.789
85 37 1.141
71 37 1.725
37 62 0.260
37 57 0.748
55 38 0.173
40 38 1.313
38 77 0.382
45 38 1.691
38 82 0.084
56 38 0.628
67 38 0.064
96 38 0.996
38 87 1.321
46 38 1.265
43 38 1.413
76 38 0.408
38 65 0.451
38 90 1.135
48 38 0.385
38 47 1.590
38 42 0.193
72 38 0.810
50 38 1.579
75 38 0.136
83 38 1.250
70 38 0.879
38 61 1.967
38 79 0.077
97 38 1.315
88 38 1.694
66 38 1.212
85 38 1.415
38 71 0.523
38 41 0.139
39 86 0.183
39 41 1.730
55 39 1.700
83 39 1.832
39 94 0.672
39 57 0.514
39 80 1.747
75 39 1.509
54 39 0.997
39 95 1.599
87 39 0.280
56 39 0.478
39 69 1.262
73 39 1.126
42 39 1.462
77 39 0.965
65 39 1.050
39 93 0.185
62 39 1.087
39 98 0.005
39 74 0.694
76 39 0.540
50 39 0.068
75 40 0.012
40 93 1.027
40 89 1.895
40 52 0.333
40 94 1.843
40 62 1.203
40 48 1.159
65 40 0.299
59 40 0.762
90 40 0.848
80 40 1.986
96 40 0.178
64 40 0.640
40 76 0.417
61 40 0.234
55 40 1.842
82 40 1.813
92 40 1.119
66 40 0.529
53 40 0.948
40 77 0.270
95 40 1.754
60 40 0.652
78 41 0.908
41 61 0.611
41 86 1.532
41 49 1.442
99 41 1.446
75 41 1.584
41 82 1.986
41 96 1.008
41 85 0.804
41 52 1.991
41 59 0.164
79 41 0.341
98 41 1.718
41 94 0.645
41 71 1.652
42 60 1.649
42 81 0.858
85 42 0.278
75 42 0.647
59 42 1.434
42 71 1.417
43 42 0.045
50 42 0.356
51 42 0.505
99 42 1.462
42 73 0.814
42 67 1.143
52 42 0.569
42 74 0.684
53 42 1.124
83 42 1.510
42 76 1.254
42 86 0.710
42 61 1.050
42 80 0.508
42 57 0.307
42 69 1.349
78 42 0.592
42 88 1.524
98 42 0.459
42 63 0.608
95 42 0.692
42 77 0.711
46 42 0.847
93 42 0.441
70 42 1.960
92 42 1.587
62 43 1.715
43 79 0.347
74 43 1.113
43 61 0.383
60 43 1.670
43 56 0.583
43 54 0.028
43 47 1.367
53 43 1.391
43 76 0.443
65 43 1.490
43 50 1.834
46 43 0.501
43 93 1.717
49 43 1.165
45 43 0.336
43 80 1.167
96 43 0.913
77 43 1.080
43 86 1.089
87 43 0.768
43 97 1.515
98 43 1.423
44 43 1.472
83 43 0.984
43 82 1.658
43 67 1.382
44 53 1.242
44 79 1.522
44 69 0.634
44 49 0.169
91 44 1.465
48 44 0.561
61 44 0.681
92 44 1.510
44 97 1.834
88 44 0.873
44 60 0.137
52 44 0.306
44 94 0.214
44 72 0.691
44 74 0.671
99 44 0.434
96 44 0.366
44 70 1.739
44 54 1.279
56 44 1.130
44 95 0.524
44 64 0.398
92 45 1.050
84 45 1.097
45 69 0.771
97 45 0.434
45 59 0.313
61 45 0.591
72 45 0.085
45 52 1.909
45 77 0.793
49 45 1.246
45 56 0.013
94 45 0.781
46 52 1.347
46 63 1.700
46 85 1.984
46 94 1.182
46 58 0.993
56 46 0.115
46 55 1.175
79 46 1.789
46 54 0.337
96 46 0.183
46 50 1.912
46 61 0.438
51 46 0.649
83 46 0.527
46 74 1.774
91 46 1.415
46 73 0.528
87 46 1.591
47 96 0.430
81 47 1.690
47 76 0.713
98 47 0.418
47 55 0.173
47 52 1.396
47 57 1.786
47 86 0.536
47 97 1.934
47 90 1.688
61 47 1.251
53 47 0.244
48 47 0.942
66 47 0.409
47 77 0.045
47 54 1.762
69 47 1.892
83 47 1.510
47 91 0.769
47 99 1.940
47 71 1.920
88 47 0.563
68 47 1.889
92 48 1.384
87 48 0.515
94 48 1.882
48 58 0.897
48 95 1.997
89 48 1.252
99 48 0.198
60 48 0.338
48 55 0.230
48 79 1.766
48 71 0.385
54 48 1.088
49 48 1.558
48 52 1.570
49 66 0.089
49 76 1.699
86 49 0.011
99 49 0.249
61 49 0.099
49 59 1.155
49 64 1.911
90 49 0.700
67 49 1.045
53 49 1.256
49 71 0.533
72 49 1.562
49 91 1.749
49 69 0.616
49 50 0.049
49 55 1.790
49 73 1.818
49 92 1.084
49 68 0.101
49 97 0.198
49 89 1.785
49 98 0.699
87 49 0.130
49 88 1.220
76 50 0.541
85 50 1.258
50 64 1.738
87 50 0.625
50 81 1.519
50 88 0.060
61 50 1.517
59 50 0.169
50 79 0.737
50 66 0.411
75 50 0.408
53 50 1.511
50 86 0.886
89 50 0.332
71 50 0.324
83 50 0.873
50 82 1.633
50 70 1.759
50 72 1.120
50 97 0.050
50 95 1.879
50 62 0.594
50 56 0.982
87 51 1.310
69 51 0.580
66 51 1.995
80 51 0.132
51 52 0.447
65 51 1.292
51 93 0.410
90 51 0.608
76 51 0.526
81 51 0.714
51 72 1.804
92 51 0.559
71 51 0.236
99 51 0.497
74 51 1.581
77 51 1.998
58 51 1.769
51 62 0.859
51 86 1.660
51 91 1.672
60 51 1.752
55 51 0.947
59 51 0.675
75 51 0.825
56 51 1.447
52 86 1.717
52 62 1.274
65 52 1.192
57 52 0.212
52 80 1.773
81 52 0.946
52 96 1.612
76 52 1.647
90 52 1.989
77 52 1.063
84 52 0.902
95 52 0.980
63 52 0.697
52 79 1.884
72 52 0.327
52 61 0.866
52 67 0.176
53 81 0.730
89 53 0.200
53 99 0.198
53 65 0.415
84 53 1.744
53 74 0.955
53 78 1.522
53 83 0.332
57 53 1.162
71 53 0.773
53 80 0.525
53 62 1.313
53 91 1.139
53 94 0.434
53 90 0.333
55 53 1.966
54 62 1.446
71 54 1.059
98 54 0.871
66 54 0.970
73 54 1.572
95 54 1.672
54 82 0.868
54 70 1.239
54 91 1.396
54 99 0.424
92 54 1.208
54 68 0.764
54 67 1.443
54 74 1.640
64 54 0.873
90 54 1.421
94 54 1.717
55 65 1.082
55 95 1.611
58 55 1.794
55 72 0.173
93 55 0.596
55 91 1.507
55 87 0.225
61 55 1.973
69 55 0.113
55 77 0.555
84 55 1.088
55 56 1.155
66 55 0.278
74 55 0.577
79 55 0.931
55 78 0.819
94 56 0.055
56 84 1.351
68 56 1.504
79 56 1.957
56 61 0.191
56 65 1.254
56 96 0.646
82 56 0.412
56 95 1.704
56 81 0.308
56 80 0.675
56 76 0.037
60 56 1.559
57 56 0.373
90 56 1.008
56 78 0.975
77 57 0.832
64 57 1.878
91 57 0.707
57 76 0.870
57 96 1.835
65 57 1.028
75 57 1.664
99 57 0.667
61 57 1.926
68 57 0.292
62 57 0.853
57 79 0.028
78 57 1.546
80 57 1.483
85 57 0.950
71 57 1.068
75 58 0.291
58 82 0.734
80 58 1.716
93 58 0.140
58 66 0.084
58 76 0.441
58 94 0.909
58 97 1.358
58 92 0.368
58 78 0.011
69 58 0.768
58 71 1.270
58 87 1.653
58 77 0.725
58 73 1.181
74 58 0.184
88 59 1.012
59 92 0.307
64 59 0.309
59 60 0.618
82 59 0.357
59 89 0.288
99 59 1.191
83 59 0.007
59 67 0.437
59 72 1.543
76 59 1.282
59 86 1.448
59 77 0.594
78 59 0.556
85 59 0.539
59 91 0.651
59 98 1.506
75 59 1.204
66 60 0.999
60 65 0.654
79 60 0.023
60 62 0.333
60 88 1.526
60 75 1.972
60 67 1.847
61 60 0.066
60 73 1.414
96 60 0.515
84 60 0.373
60 85 1.599
63 60 0.849
81 60 0.979
60 98 1.423
60 97 0.031
77 60 1.579
60 82 1.031
60 69 0.662
83 61 1.619
72 61 1.887
61 67 1.067
96 61 0.115
79 61 1.976
61 97 1.505
61 87 0.426
61 98 1.492
61 76 0.340
61 94 1.990
78 61 0.017
61 86 1.821
61 71 0.104
69 61 0.333
68 61 0.101
61 81 1.013
61 80 1.390
62 61 1.234
61 82 1.149
62 81 0.113
62 97 1.477
62 98 1.695
73 62 1.764
62 85 1.013
62 67 1.855
62 76 0.247
93 62 0.422
82 62 0.482
62 92 0.423
62 84 0.799
64 62 0.122
65 62 0.599
66 62 1.243
68 62 1.948
63 76 1.556
63 77 0.154
63 99 1.402
63 66 1.593
63 84 1.650
92 63 1.347
63 69 0.289
63 91 1.298
63 93 0.992
79 63 1.691
63 68 0.264
86 63 0.444
95 63 1.778
80 63 0.816
89 63 0.014
63 71 1.793
91 64 1.204
64 68 0.405
64 89 0.562
64 97 1.218
94 64 1.807
64 74 0.350
77 64 1.503
88 64 1.995
81 64 0.941
84 64 1.296
69 64 1.865
64 86 1.779
64 70 1.360
64 93 0.150
64 66 1.880
64 82 1.645
76 64 1.459
92 64 1.489
80 64 1.036
90 64 0.129
91 65 0.135
65 71 1.567
65 67 1.645
94 65 0.011
74 65 1.081
65 79 1.172
97 65 0.105
77 65 0.539
99 65 0.738
65 89 0.180
65 66 0.035
78 65 0.553
86 65 0.149
82 65 0.107
65 87 0.973
78 66 0.330
74 66 1.884
71 66 0.195
66 75 0.525
66 68 0.049
87 66 0.114
66 91 0.852
66 95 0.964
77 66 1.271
98 66 0.986
66 92 0.044
66 70 0.704
66 89 1.880
86 66 0.206
67 70 1.744
99 67 0.156
83 67 0.601
86 67 1.173
89 67 0.475
67 81 1.987
67 72 0.486
73 67 1.999
71 67 0.702
85 67 1.346
68 73 1.773
94 68 0.809
97 68 1.897
68 87 0.549
68 93 1.447
68 81 1.273
92 68 1.854
88 68 1.220
68 77 0.561
68 74 1.895
68 89 0.942
80 68 0.839
71 68 0.998
85 68 0.701
82 68 0.288
68 98 1.141
91 69 1.741
77 69 1.531
94 69 1.895
69 88 1.760
95 69 1.553
70 69 1.248
71 69 0.503
72 69 1.083
93 69 1.067
74 69 1.887
69 90 0.300
69 78 0.326
85 70 0.657
82 70 0.949
70 91 0.711
79 70 1.139
70 92 0.350
73 70 0.037
70 95 1.571
71 70 0.551
97 70 1.306
70 77 0.088
70 78 0.295
81 70 1.782
95 71 0.408
71 83 0.722
85 71 1.249
71 86 1.237
71 81 1.518
71 75 1.221
71 79 1.305
96 71 0.914
87 71 0.854
71 99 0.053
71 97 1.497
88 71 1.582
71 76 0.901
72 74 1.906
72 84 0.361
72 92 1.629
98 72 1.097
72 75 1.544
72 97 1.927
80 72 1.964
72 83 1.978
72 99 1.141
72 95 0.038
79 72 1.812
93 72 1.631
72 78 1.140
73 74 0.056
73 79 0.984
91 73 0.517
89 73 0.725
98 73 0.926
73 97 1.965
80 73 0.471
99 73 0.550
76 73 1.331
74 76 0.001
86 74 1.752
74 81 0.067
84 74 1.710
74 96 0.355
74 78 0.700
74 77 1.408
74 99 0.208
74 75 1.666
92 75 0.982
97 75 1.208
75 89 1.042
94 75 0.644
84 75 0.173
98 75 1.383
75 82 1.584
75 99 1.109
78 75 0.997
75 90 0.635
76 84 0.814
76 90 0.747
76 77 1.371
76 96 1.464
76 80 0.918
76 79 1.584
86 76 0.174
97 76 1.772
92 76 1.149
85 76 1.708
76 98 0.413
93 76 0.965
76 95 1.495
87 76 1.478
81 77 0.131
77 83 1.596
95 77 1.384
77 92 1.438
77 97 0.824
80 77 1.699
77 90 1.069
94 77 0.785
88 77 1.044
77 89 1.881
77 98 1.263
88 78 0.027
87 78 1.393
78 97 1.120
78 82 0.180
79 78 1.855
89 78 1.735
78 90 0.381
98 78 0.833
78 80 0.714
79 85 1.706
83 79 0.888
98 79 0.447
89 79 0.820
79 80 0.935
79 94 0.274
82 79 1.809
79 92 0.073
86 79 1.668
99 79 1.317
80 85 1.236
80 94 1.300
80 90 0.863
80 92 0.384
98 80 0.996
81 84 1.174
81 87 0.274
83 81 0.569
81 91 0.253
81 97 0.752
82 98 0.082
94 82 0.432
89 82 0.160
97 82 0.174
83 82 1.278
92 82 1.438
87 82 0.946
82 91 1.574
83 99 0.602
83 87 1.442
83 90 1.387
95 83 0.786
83 98 1.494
83 85 1.885
88 83 0.319
83 91 1.900
93 83 0.482
92 84 1.635
84 89 0.338
90 84 1.936
91 84 1.184
94 84 1.816
86 84 0.356
99 85 1.414
85 94 1.496
88 85 1.188
89 85 0.934
98 85 1.041
94 86 1.149
97 86 1.503
89 86 1.238
86 96 1.620
93 87 0.462
89 87 0.687
95 87 1.012
88 91 1.835
88 94 1.782
88 89 0.358
96 88 0.147
92 88 1.318
98 88 0.853
96 89 0.935
90 94 1.870
90 91 0.148
90 96 1.135
95 90 0.170
90 97 0.695
90 98 0.398
92 90 1.934
99 91 1.349
97 91 0.775
96 92 1.374
98 92 1.340
93 96 0.093
93 97 0.349
96 94 0.986
97 94 1.731
95 94 1.573
95 97 0.443
99 95 1.658
97 96 1.980
99 97 1.292
98 99 0.327
