100
14 74 1.287
57 50 1.553
29 44 0.203
85 63 0.168
72 92 1.708
2 78 1.425
41 57 1.486
78 86 0.483
79 76 0.260
86 22 0.195
73 35 1.140
94 54 0.728
41 74 1.329
42 88 0.640
67 80 1.008
52 17 1.346
14 77 1.480
75 97 0.605
40 29 0.782
4 35 0.595
78 46 0.990
95 98 0.242
48 77 1.584
11 83 0.063
1 89 1.653
97 77 0.346
26 67 1.194
83 14 0.037
69 47 1.912
73 36 0.916
76 87 0.786
42 67 1.580
66 93 0.015
0 14 1.410
25 58 1.615
45 71 1.606
33 74 0.400
40 4 0.635
78 49 0.604
93 1 0.091
5 53 0.063
61 56 1.975
26 74 1.828
27 72 1.454
47 5 1.396
17 50 0.945
98 63 1.829
10 19 0.873
30 86 1.198
13 6 0.360
70 57 0.467
96 9 1.704
77 41 1.177
50 13 0.570
89 30 0.395
14 95 1.700
71 90 0.039
40 11 1.802
21 55 0.283
46 33 0.586
5 62 1.277
44 15 1.750
9 59 1.871
51 71 0.938
34 21 1.179
94 43 0.998
70 48 0.072
40 99 1.147
96 0 0.760
8 76 0.861
82 47 1.615
28 23 1.782
53 9 0.657
75 20 1.212
58 68 1.978
26 45 1.765
29 48 1.860
19 6 1.071
97 80 1.778
5 39 1.997
61 74 0.595
26 92 0.960
47 11 0.284
69 26 1.045
77 74 1.576
67 76 0.508
30 64 0.518
87 17 1.276
0 19 1.089
74 38 0.060
25 13 0.396
50 63 1.392
14 41 1.523
71 72 1.718
18 84 0.524
58 79 1.339
21 57 0.030
54 51 0.276
2 45 0.303
41 30 0.254
5 32 0.807
79 41 0.915
27 95 1.324
88 95 0.707
69 3 0.590
91 58 1.106
70 34 1.712
55 65 0.798
40 81 0.386
60 12 0.385
99 59 0.084
18 79 0.981
57 88 1.185
58 86 0.856
78 13 0.420
61 92 1.284
79 54 1.923
62 90 0.347
30 35 1.914
51 90 0.550
62 37 1.833
40 88 0.026
38 50 1.919
25 31 0.672
14 59 0.869
72 30 0.818
26 6 1.408
51 50 0.011
73 97 1.902
88 45 1.492
34 57 0.342
17 23 1.277
42 41 0.717
84 25 1.556
87 60 1.814
96 44 1.260
29 99 1.841
72 5 0.526
1 31 1.661
26 1 0.350
68 81 0.183
9 88 1.351
88 52 0.922
0 64 1.341
20 3 1.958
87 53 0.820
3 90 1.271
95 21 1.948
11 10 0.278
58 99 0.180
97 4 1.446
68 88 0.639
15 46 0.442
19 43 0.118
79 13 0.876
27 59 1.241
30 20 1.644
87 93 0.043
96 75 1.356
42 27 0.930
6 45 1.785
4 83 0.595
60 16 1.983
99 87 0.594
64 83 0.744
68 48 0.077
83 94 0.294
47 76 1.304
15 55 0.323
19 48 0.302
24 37 0.529
87 90 0.920
52 40 0.245
96 66 1.490
77 96 1.084
42 2 0.718
10 43 0.149
50 66 0.933
57 12 0.832
75 86 1.926
60 47 0.156
43 33 1.250
89 86 0.948
1 98 0.071
16 92 1.392
15 60 0.817
73 29 0.117
19 57 0.457
24 44 0.493
98 15 0.034
20 24 1.666
60 38 0.816
14 30 0.244
71 27 0.640
44 63 1.700
7 69 0.084
69 65 0.118
79 24 1.294
49 29 1.503
56 57 1.414
3 41 0.333
60 78 0.124
6 22 1.560
31 42 1.565
60 61 1.617
7 45 1.352
2 98 0.414
39 43 0.353
7 66 0.299
69 74 0.223
51 28 1.212
17 92 1.279
16 74 0.531
56 81 0.590
19 71 1.578
73 15 1.311
94 66 0.205
41 86 0.006
3 46 0.244
82 86 1.472
31 19 1.548
65 39 1.378
33 30 0.903
9 21 1.499
47 96 1.538
94 69 1.096
49 15 1.587
55 17 1.632
25 38 1.536
23 72 1.971
64 7 1.546
85 68 1.731
32 48 1.564
57 40 0.499
21 18 0.582
48 80 1.196
33 23 0.929
71 6 1.719
41 55 0.165
80 22 1.010
78 76 0.797
44 36 0.903
83 3 0.664
48 47 1.611
8 81 1.001
45 84 0.879
85 77 1.048
89 10 1.080
63 79 0.985
46 13 1.882
16 32 0.449
83 8 1.950
73 34 0.128
25 48 1.871
28 11 0.898
1 47 1.800
16 39 0.720
2 70 0.740
41 33 1.947
12 51 0.403
20 83 1.756
94 62 1.310
42 64 1.069
6 90 1.827
3 10 0.454
82 58 0.700
85 95 0.963
1 32 1.847
75 25 1.641
40 5 1.589
46 31 0.881
29 61 0.488
97 69 1.429
79 93 0.184
27 75 0.555
83 22 0.060
9 49 1.208
47 4 1.504
86 33 1.234
34 27 1.733
73 44 1.780
42 75 1.346
49 43 0.566
0 6 1.094
38 23 0.948
96 10 1.572
82 53 0.453
28 25 1.899
14 92 1.179
70 73 1.211
71 85 1.763
57 68 1.866
40 12 1.829
11 64 1.032
2 88 0.572
58 45 1.303
76 70 0.353
42 50 0.782
98 55 0.492
10 27 0.783
30 94 0.497
70 49 0.875
35 17 0.011
0 29 0.375
91 92 1.686
25 11 1.230
14 39 1.997
21 63 1.292
46 41 1.427
36 71 0.532
27 89 0.494
56 2 0.425
77 73 0.304
62 56 0.931
31 93 1.773
82 39 1.803
46 48 0.672
29 8 1.564
19 14 0.655
69 2 1.647
94 26 1.166
59 20 1.860
77 66 0.227
81 7 1.775
96 31 1.743
25 21 0.305
33 85 1.652
95 78 1.499
80 72 1.564
78 18 1.807
46 59 1.189
54 11 1.596
27 87 1.640
30 32 1.257
15 67 1.117
55 40 0.770
42 47 1.739
84 19 0.143
70 26 1.179
95 38 1.523
99 35 0.269
18 71 0.324
21 74 1.786
22 72 1.684
51 53 1.275
73 96 0.689
19 28 0.614
76 27 1.267
5 17 1.188
61 84 1.342
27 44 0.607
83 59 0.166
56 23 1.890
20 5 1.549
32 0 0.217
31 72 0.456
35 13 1.913
65 72 0.580
11 20 0.154
72 6 1.278
71 54 0.307
1 30 1.481
80 70 0.272
2 55 1.772
76 18 0.026
5 26 0.045
10 87 0.832
10 38 0.863
49 65 0.392
31 49 1.272
35 50 1.970
57 1 0.015
96 36 1.647
71 47 0.710
48 22 1.854
36 98 0.046
30 21 1.799
34 72 0.460
24 78 1.691
64 37 0.105
10 33 0.903
13 84 1.349
92 56 1.873
96 59 0.275
99 86 0.770
28 74 1.280
85 23 1.601
14 13 0.502
72 52 0.510
12 99 0.265
73 27 1.246
76 0 0.358
34 67 1.162
35 83 1.722
0 95 1.498
55 12 1.522
20 18 1.926
3 58 1.780
70 6 1.213
35 32 0.099
8 30 0.820
7 62 0.722
29 77 0.327
90 77 0.022
72 59 1.022
75 38 0.802
39 52 0.592
22 84 0.487
47 84 0.273
68 79 0.928
51 17 1.148
16 93 0.667
73 28 1.732
2 0 1.674
24 45 1.609
34 90 0.853
52 48 1.415
91 23 1.634
55 5 0.780
59 78 1.887
24 92 1.095
6 28 0.449
90 84 0.529
71 26 0.810
53 64 1.769
26 98 1.071
12 17 1.955
76 54 1.713
10 75 1.693
34 85 0.726
96 81 0.453
3 40 1.323
25 91 1.353
31 21 1.168
92 5 1.031
21 15 1.946
99 77 0.656
63 83 1.143
29 95 0.354
72 41 0.851
93 34 1.428
97 39 1.737
78 67 0.819
47 90 0.477
69 73 1.547
98 30 1.014
35 70 0.302
0 36 0.902
20 47 1.361
53 33 1.179
43 23 1.696
7 37 0.333
68 21 0.402
16 51 0.183
71 8 1.806
39 35 1.854
48 41 1.919
69 50 0.471
17 84 1.651
73 55 1.093
94 74 0.748
5 96 1.917
27 31 1.678
0 59 1.437
55 16 0.140
81 64 0.994
64 24 0.360
45 90 1.680
84 75 1.412
14 65 1.285
40 17 1.737
4 63 1.560
11 39 1.534
68 28 1.829
33 22 0.686
16 42 1.213
71 1 0.092
58 22 1.478
78 77 1.931
12 62 0.328
15 19 1.275
20 78 0.365
42 95 1.170
66 73 0.263
64 31 0.977
40 24 0.497
16 33 1.834
90 40 1.056
1 70 0.819
41 63 0.726
61 36 1.725
34 6 0.120
37 11 1.223
19 93 1.978
76 90 1.555
62 29 0.852
52 19 1.437
23 89 1.184
64 22 0.664
28 4 0.701
32 79 1.383
89 18 0.317
1 46 0.637
1 95 1.872
2 71 0.470
22 2 1.896
86 47 1.779
69 45 1.051
19 98 0.762
59 11 1.778
62 4 1.747
13 11 0.484
87 4 1.959
52 26 0.272
77 46 0.561
23 86 0.997
75 24 0.931
40 6 0.115
65 2 0.647
46 28 0.671
68 9 1.612
97 68 0.401
27 74 1.985
37 61 0.591
76 72 0.184
98 61 1.865
10 17 1.057
49 42 1.008
87 29 0.706
70 63 0.004
0 7 1.036
60 97 0.008
25 1 1.646
28 26 0.921
33 65 1.435
53 14 0.754
21 53 0.855
4 19 1.743
73 75 1.018
54 39 1.941
36 89 0.441
19 3 0.153
2 89 1.703
51 73 0.503
5 77 0.452
6 85 1.679
65 99 0.118
43 97 1.265
26 43 1.252
12 74 1.173
51 33 1.014
19 8 1.165
93 17 1.084
2 80 0.921
98 92 1.668
27 88 1.036
83 39 0.507
66 53 0.914
91 84 0.981
55 74 1.670
82 36 1.181
95 64 1.302
78 8 0.937
16 4 1.086
36 79 0.608
79 43 0.881
47 18 0.464
52 79 0.841
37 40 1.712
23 5 0.782
55 67 1.771
60 14 0.088
63 3 1.060
50 52 1.054
32 98 1.768
21 64 0.441
78 19 0.260
93 99 1.098
97 96 0.698
34 60 0.208
15 66 1.060
17 28 1.359
94 2 1.133
42 44 0.245
49 86 1.386
50 92 1.843
13 40 0.809
87 33 1.091
18 53 1.040
38 48 1.647
99 34 1.487
14 57 1.954
97 8 0.849
78 26 1.324
26 4 1.318
37 73 1.812
76 20 0.384
30 40 1.241
87 73 1.540
17 21 0.718
20 6 0.467
42 23 0.747
23 27 0.458
24 65 0.125
31 75 0.997
13 33 1.091
3 87 1.985
60 28 1.195
63 49 0.682
65 79 1.785
85 4 0.149
43 77 0.657
7 99 0.255
46 74 0.997
29 18 1.956
54 26 0.057
2 52 0.815
79 6 1.457
62 74 1.510
9 94 0.734
47 41 0.616
30 19 0.931
88 54 1.290
52 36 1.574
0 66 1.406
94 12 1.480
42 30 0.164
10 39 1.609
32 24 0.305
87 55 0.012
3 92 0.684
60 27 1.568
63 62 0.875
65 64 0.173
85 13 0.571
71 46 1.329
51 2 0.618
16 96 1.231
69 84 1.802
36 99 0.776
5 2 0.677
88 61 0.060
87 95 0.184
0 89 1.963
59 51 1.108
23 41 1.624
67 19 1.496
95 28 0.690
28 75 0.561
68 50 0.582
39 62 0.545
80 53 1.712
12 28 1.900
51 11 1.758
41 97 1.977
52 42 0.266
25 72 1.646
18 25 1.196
92 48 1.821
38 92 1.884
7 57 0.235
90 74 1.913
48 5 0.576
47 87 0.695
24 46 0.791
98 13 1.328
49 26 1.785
88 11 1.852
56 52 1.722
77 23 1.193
25 81 1.472
67 1 0.695
35 40 0.403
95 2 0.458
97 45 0.339
61 31 1.755
7 71 1.223
51 25 1.242
37 22 1.042
93 89 1.418
24 53 0.681
30 15 0.893
0 46 1.378
60 72 1.306
28 33 1.553
18 11 1.200
75 70 1.724
38 78 1.467
72 42 0.535
53 72 1.968
9 18 1.683
73 13 1.976
19 73 0.654
37 31 0.404
2 19 0.895
81 61 1.490
88 25 0.875
52 7 0.351
74 20 1.295
55 26 1.109
20 40 0.021
3 16 1.481
60 71 1.133
45 96 0.855
28 56 0.531
11 33 0.353
85 42 1.463
53 81 1.289
71 11 1.001
93 58 1.025
58 12 1.774
9 27 0.523
48 42 0.736
20 64 1.961
94 75 0.773
24 3 1.023
81 54 1.909
13 31 1.980
3 25 0.252
60 94 1.560
23 74 1.489
45 89 0.478
85 66 0.169
32 50 1.240
21 16 1.141
43 15 0.367
68 29 1.763
33 21 1.111
71 0 1.759
53 90 0.563
97 48 1.571
79 64 0.059
44 38 0.779
86 18 0.499
73 63 1.080
62 27 1.315
66 70 1.426
99 18 1.571
82 70 1.047
64 16 1.157
84 83 0.667
57 55 0.955
43 4 1.233
48 73 0.335
29 41 0.974
68 4 0.392
54 83 1.128
93 12 1.255
86 21 0.136
19 92 0.882
37 10 0.094
76 91 1.597
5 81 1.478
98 40 1.754
67 85 0.207
55 97 1.015
3 7 1.282
50 22 1.318
40 0 0.252
16 25 1.022
2 68 1.290
69 44 0.652
15 96 1.535
42 78 1.073
98 35 0.884
67 90 1.835
49 48 1.317
38 18 1.347
77 45 1.717
84 97 0.351
32 71 0.948
21 43 0.288
95 84 1.032
65 1 1.871
68 10 1.842
90 59 1.460
73 65 1.488
98 75 1.527
61 53 0.723
88 77 0.179
69 21 1.615
13 3 1.034
74 51 0.104
99 9 0.777
32 94 1.767
71 87 0.942
1 63 1.425
21 52 0.873
65 26 1.810
29 52 1.382
12 76 1.071
90 2 0.620
54 36 0.621
37 84 1.676
44 10 1.608
9 56 0.556
83 33 1.467
47 15 0.617
20 99 1.426
94 46 1.137
62 55 0.161
84 0 1.980
49 34 1.021
67 72 1.809
31 86 1.011
70 55 0.824
71 76 1.928
29 13 1.021
12 75 1.349
54 63 0.705
37 93 1.605
98 93 0.322
9 33 1.185
27 91 1.060
91 38 0.847
23 15 1.596
10 0 0.589
84 15 0.359
67 49 1.635
0 22 0.064
3 99 1.159
82 37 1.022
21 70 0.995
95 67 1.589
16 5 1.962
72 98 1.946
79 42 0.965
86 72 1.097
56 11 0.366
59 22 0.275
87 43 0.359
35 1 1.054
50 53 0.301
18 74 1.955
26 58 0.718
46 57 0.029
29 31 1.760
51 46 1.596
19 25 1.789
76 30 0.821
61 89 1.952
17 19 0.219
91 52 1.542
6 63 1.569
62 40 0.735
70 24 0.269
18 50 0.732
37 72 1.451
22 57 0.693
83 61 1.017
86 90 1.203
52 94 0.249
15 74 0.101
34 52 1.492
94 10 1.322
59 36 1.611
50 84 1.643
35 15 0.370
43 63 1.390
64 88 1.743
72 8 1.797
64 32 1.166
92 35 0.180
95 22 0.108
8 18 1.864
14 8 1.076
54 99 0.782
26 23 1.029
47 64 1.663
51 5 0.653
16 97 0.197
2 12 0.221
88 62 1.831
96 78 0.661
84 42 0.271
13 82 0.370
70 13 1.973
57 8 0.078
82 0 1.060
63 38 1.543
21 99 0.280
51 10 1.008
10 71 1.322
55 14 0.327
59 75 0.067
24 87 0.039
13 75 0.492
96 52 0.811
3 77 0.345
60 42 1.686
29 75 0.550
33 8 0.016
14 26 1.263
19 58 1.580
98 10 1.265
88 12 1.154
56 53 1.959
42 8 0.495
95 13 0.558
85 39 0.318
68 33 0.513
72 36 0.031
71 20 1.257
93 39 1.156
98 5 0.556
88 19 1.946
52 57 1.176
34 83 1.537
3 42 1.447
31 23 1.329
95 10 0.518
60 56 0.792
28 81 0.280
68 40 1.646
2 97 1.390
80 27 0.116
78 65 0.467
9 17 0.201
51 97 0.202
16 77 1.398
93 81 1.911
9 98 0.928
67 97 1.767
53 47 0.147
65 36 0.757
1 74 1.259
17 74 0.073
19 81 0.534
98 23 0.452
62 17 0.643
27 17 1.194
77 1 0.902
60 95 1.689
81 70 1.353
64 26 1.972
89 6 1.663
53 40 0.573
7 28 1.013
29 47 0.751
85 50 1.052
72 89 1.060
93 50 0.748
41 52 0.146
80 9 0.177
61 41 0.352
78 83 0.726
12 56 0.940
98 46 0.325
52 22 0.368
0 52 1.719
60 86 1.842
25 44 1.315
8 84 0.226
28 15 1.836
31 2 1.943
40 26 1.057
39 66 1.180
4 32 0.628
99 98 1.950
7 21 0.878
68 5 1.529
90 54 0.525
2 74 0.815
93 11 1.833
80 0 1.062
26 68 1.090
9 4 1.418
69 34 0.482
15 26 0.859
37 9 0.612
19 95 1.164
24 18 1.209
81 39 0.562
45 57 1.564
8 91 0.672
82 62 0.072
1 44 0.297
78 50 0.638
48 65 0.982
90 49 0.431
80 7 0.749
86 45 0.064
94 61 1.145
77 91 0.785
91 67 1.136
38 19 1.107
23 80 0.324
45 67 1.796
33 78 1.816
29 58 0.570
93 29 1.499
2 92 1.663
34 22 0.138
91 43 1.648
76 74 0.897
42 54 1.284
98 59 0.961
5 66 0.804
62 13 0.717
77 37 1.844
28 20 0.905
32 95 0.182
89 98 1.954
1 62 0.991
12 77 1.555
33 48 1.648
54 37 1.331
93 22 0.014
58 40 1.067
41 16 1.008
97 83 0.008
5 58 0.803
27 69 1.134
66 56 0.138
69 29 0.856
67 75 0.907
91 81 0.891
74 59 1.183
55 79 0.275
95 52 0.081
25 8 1.050
33 88 1.118
14 42 1.227
1 55 0.298
43 99 0.123
26 41 0.932
46 44 0.504
54 60 1.750
2 46 1.248
79 44 0.367
44 2 1.812
51 80 0.043
34 40 0.030
91 57 1.674
95 61 1.615
71 68 0.570
39 31 1.940
4 3 1.253
95 66 0.065
54 55 1.126
98 85 1.703
27 83 1.143
42 35 0.628
23 7 1.840
45 22 1.556
67 57 0.153
30 79 0.491
74 45 1.333
25 26 1.561
11 27 1.333
14 52 1.608
44 97 1.746
22 39 0.763
79 50 0.322
69 8 0.471
34 58 0.972
62 41 1.865
18 51 1.248
40 92 1.450
60 7 0.282
64 66 0.775
63 10 0.114
50 45 0.514
53 96 1.003
39 13 1.055
30 46 1.504
86 91 1.057
34 53 1.028
91 12 1.969
20 0 1.553
94 11 1.811
49 77 1.311
92 37 0.129
40 67 1.541
3 89 0.189
64 89 0.366
48 18 0.091
68 93 1.922
15 45 0.056
54 24 1.295
5 7 1.825
10 82 0.207
15 82 0.424
91 5 1.842
6 46 1.009
32 26 1.495
87 49 1.228
4 80 0.558
60 21 1.721
28 78 1.751
68 53 1.038
72 48 0.462
1 20 0.579
75 45 1.751
97 24 1.005
48 9 2.000
46 83 1.973
54 19 0.236
19 47 1.664
93 76 1.546
2 13 1.737
79 9 1.940
30 24 0.315
86 85 0.922
52 45 1.249
91 26 1.236
25 69 0.095
32 17 0.239
57 15 1.536
60 44 1.938
99 91 0.269
90 65 0.633
21 98 1.328
7 83 0.345
47 72 0.665
37 98 1.873
24 41 0.352
47 57 1.049
88 6 0.069
87 86 0.499
77 28 1.944
24 88 0.627
64 63 1.006
11 60 1.226
93 45 0.407
80 46 1.118
61 4 1.856
46 93 1.313
76 58 0.437
98 11 1.180
27 13 0.871
3 36 0.102
82 96 0.623
57 25 1.098
39 89 1.000
7 48 0.692
33 0 0.574
90 83 0.610
53 77 1.608
17 95 0.208
56 78 1.840
94 95 1.095
27 2 0.307
49 17 0.181
35 66 0.281
91 97 1.146
55 31 1.199
20 35 0.403
96 84 0.111
60 74 0.469
82 91 0.460
89 59 1.992
21 12 1.532
99 78 1.344
8 15 0.950
28 82 1.084
33 25 0.403
71 12 1.266
48 53 1.607
12 11 1.497
86 6 1.830
15 14 0.291
76 40 0.141
49 10 0.083
60 65 0.185
40 45 1.568
38 71 1.229
68 16 1.151
16 54 1.573
71 5 1.670
36 57 0.335
53 95 1.027
78 73 1.829
79 69 1.731
16 69 0.123
73 52 0.807
37 6 0.051
20 66 0.250
76 39 0.313
52 8 1.940
0 62 0.071
74 29 1.641
20 49 1.095
96 98 0.327
28 49 0.374
85 64 1.515
31 4 0.022
14 68 0.405
39 68 0.817
68 31 1.915
1 66 1.996
41 59 1.669
80 10 1.090
9 2 1.274
86 16 0.982
73 61 1.242
5 86 1.481
62 25 0.047
66 68 0.362
49 4 1.353
52 23 0.476
77 57 0.902
23 93 0.134
8 85 0.977
70 88 0.089
1 42 1.428
78 40 0.715
8 36 0.246
33 44 0.310
73 85 0.422
97 79 0.284
22 14 1.640
79 75 1.987
44 31 1.809
83 12 0.932
20 80 1.168
94 59 0.375
98 38 0.375
81 38 0.220
49 61 0.067
13 15 1.042
31 10 0.471
14 86 1.304
40 2 0.459
68 13 1.973
33 37 1.917
16 27 0.154
22 1 0.107
88 72 0.120
17 60 1.115
59 12 0.077
24 26 1.088
5 88 0.620
45 49 1.408
67 92 0.419
13 8 0.547
87 1 0.196
70 59 0.781
91 66 1.593
0 3 0.155
70 74 1.967
1 36 1.263
57 71 0.617
21 41 1.036
65 7 1.711
73 71 1.652
1 85 1.446
61 51 1.611
88 79 0.595
37 58 1.117
94 37 0.942
42 55 1.451
45 42 1.195
70 50 1.924
96 14 0.128
25 6 0.432
63 17 1.660
28 21 0.838
50 6 1.914
33 70 1.806
26 47 0.886
29 50 1.334
16 9 0.458
93 21 0.846
97 82 1.052
22 19 0.758
9 62 0.979
17 46 1.312
94 44 1.346
10 7 1.581
84 2 0.234
31 80 1.845
13 58 1.032
25 15 0.184
82 40 0.969
50 1 0.428
32 87 1.492
71 78 0.352
1 54 1.400
75 11 0.417
95 68 0.014
37 91 1.395
5 34 0.479
61 69 1.604
88 93 0.241
6 67 0.588
49 89 0.042
30 69 0.006
31 89 0.777
35 26 0.574
74 35 1.602
99 57 0.559
1 15 1.685
9 40 1.741
83 49 1.526
47 31 1.242
88 36 1.443
17 24 1.832
56 13 0.980
13 44 0.190
87 37 1.419
92 80 1.800
1 0 1.357
95 74 1.297
76 24 1.578
66 2 1.865
87 77 1.670
56 20 1.408
67 33 0.318
32 13 1.827
38 55 1.519
4 99 1.815
60 0 1.577
63 53 0.542
11 96 1.088
27 32 1.071
0 78 0.526
91 15 1.990
94 8 1.918
23 20 0.052
64 43 1.932
55 82 0.249
60 31 0.587
99 44 0.979
50 37 0.058
71 50 0.168
7 92 1.983
30 22 0.290
34 77 1.387
56 34 0.104
42 29 1.667
49 69 1.323
50 77 0.797
96 56 0.802
4 81 1.742
82 7 1.266
89 79 0.159
54 97 0.949
80 49 0.370
48 10 0.376
51 7 1.728
93 75 0.325
32 18 0.366
8 27 1.979
65 94 0.452
89 80 1.231
21 97 1.642
69 90 1.581
5 8 0.571
79 17 0.949
27 55 1.904
30 0 0.336
3 62 1.855
67 29 0.972
74 73 0.571
57 23 1.000
96 54 1.242
33 14 0.854
93 44 0.194
51 21 1.443
15 59 1.188
34 86 0.793
64 55 1.223
28 37 1.788
31 40 1.656
13 66 1.298
75 66 1.583
39 88 0.300
21 2 0.294
43 29 1.892
65 40 1.419
68 35 1.276
71 22 1.518
37 19 1.874
41 80 0.231
98 3 0.531
52 59 0.121
34 81 1.263
20 44 1.096
64 14 0.121
53 36 0.961
92 1 0.262
28 83 1.767
33 24 0.100
90 91 1.013
53 85 0.040
54 77 0.572
36 51 0.670
58 0 1.024
97 59 0.873
73 50 0.942
56 86 1.883
41 89 1.352
5 99 0.466
88 28 0.925
0 56 1.478
77 6 0.669
85 70 0.130
39 78 1.230
63 68 1.050
71 4 0.421
93 55 1.341
48 45 1.713
16 70 1.284
17 72 0.852
24 6 1.236
27 19 0.587
66 74 1.337
49 2 0.939
13 28 0.659
20 50 1.746
96 99 1.716
60 89 1.652
23 71 1.746
50 99 1.752
14 69 0.490
21 29 1.454
39 71 1.127
93 48 1.051
97 53 1.875
83 6 1.619
42 91 0.713
67 81 1.588
0 54 0.469
25 50 0.304
14 76 0.138
89 13 0.292
65 52 1.631
11 80 1.425
73 84 1.914
1 90 1.822
26 66 0.034
86 40 0.819
17 58 1.727
20 81 1.282
94 56 0.975
42 66 1.470
5 94 0.121
99 28 0.576
8 93 1.111
85 81 1.777
50 21 0.720
33 75 0.554
57 61 0.535
21 47 1.142
4 41 0.487
65 13 1.863
29 63 1.301
36 87 0.963
58 36 0.889
44 23 0.670
77 89 0.983
85 90 0.097
50 12 1.309
46 32 1.416
54 32 1.660
47 3 1.963
94 42 0.310
38 8 0.552
8 75 0.189
63 16 1.598
58 71 0.135
65 31 0.721
46 43 1.155
12 79 0.955
73 79 1.494
37 81 0.025
2 85 0.753
98 65 1.065
79 33 0.215
9 61 0.648
88 87 0.329
0 99 0.344
67 77 1.670
95 54 0.452
82 41 1.380
63 25 1.151
14 40 0.277
18 87 0.529
12 70 0.791
54 50 0.875
37 90 0.676
22 43 1.764
27 92 0.487
66 49 0.052
51 82 0.520
59 18 0.795
23 8 0.794
67 50 0.271
70 45 0.577
35 29 1.445
74 32 1.472
92 90 1.121
95 63 1.523
90 96 0.448
53 28 0.568
75 3 1.493
95 76 1.887
78 12 1.027
26 62 1.121
83 67 1.384
46 53 0.349
68 98 1.956
41 0 0.056
61 93 0.832
62 85 1.144
88 37 1.521
51 91 1.499
34 33 0.434
17 31 0.795
55 46 1.479
94 31 0.396
42 33 0.836
35 2 1.039
18 54 0.921
60 10 1.471
82 27 0.984
22 74 0.511
83 72 0.515
37 76 0.479
82 18 0.087
33 97 1.460
14 61 1.002
71 52 1.146
21 85 1.460
79 5 1.424
47 44 0.902
30 44 1.532
0 79 1.450
10 56 1.612
67 41 1.343
87 58 1.660
35 48 0.581
92 39 0.311
75 89 1.181
40 69 1.157
44 81 1.455
66 21 1.814
86 80 0.361
87 66 0.385
88 58 0.515
17 2 0.097
91 7 0.735
96 74 1.880
42 26 1.381
25 66 1.684
10 35 1.500
67 46 0.926
8 21 1.562
64 82 0.003
75 47 1.804
97 30 0.157
80 50 1.376
7 84 0.250
46 81 1.087
47 77 0.196
54 17 1.188
19 49 0.128
93 74 0.130
79 11 1.844
9 75 1.536
52 47 0.818
59 55 1.296
64 58 0.278
10 42 1.642
67 23 0.484
75 87 1.256
28 71 1.967
29 79 0.886
44 71 1.599
48 2 0.832
17 99 1.183
98 14 1.273
27 54 0.883
47 59 0.811
52 54 1.783
35 86 0.663
24 90 1.810
84 60 1.939
32 42 0.777
7 53 1.098
65 86 1.554
11 62 1.880
36 14 1.807
80 32 1.017
44 62 1.639
47 83 1.650
12 23 0.458
69 66 1.560
15 58 1.088
79 25 0.923
88 15 0.687
52 61 0.997
20 38 1.624
6 17 1.773
28 38 0.133
32 33 1.185
31 43 0.558
43 28 0.967
99 75 0.708
15 3 1.847
93 85 1.621
2 20 0.135
98 0 1.282
0 34 1.809
60 68 0.408
23 48 0.244
25 94 1.069
28 61 0.077
84 66 0.703
18 7 1.306
38 66 0.932
39 80 1.231
11 44 0.148
72 46 1.802
58 1 0.121
39 33 0.760
80 30 0.244
9 22 1.954
86 4 1.486
17 86 0.106
20 69 1.546
76 42 0.695
25 39 1.525
81 66 0.167
28 52 0.012
40 47 0.973
21 19 1.464
8 56 1.365
72 85 1.452
54 69 1.486
1 79 0.650
79 71 1.933
94 79 1.919
81 42 1.316
92 97 0.191
25 40 1.981
64 29 1.158
