25
0 19 55.314
0 7 5.977
0 10 30.323
0 4 15.123
0 24 83.747
0 3 33.129
15 0 99.824
0 16 7.112
2 0 0.825
0 22 33.227
1 0 84.423
5 0 20.220
0 18 15.198
5 1 76.048
1 14 49.368
20 1 54.623
1 2 5.431
24 1 9.593
1 3 21.812
13 1 12.292
1 8 9.195
1 19 18.310
16 1 19.492
21 1 94.727
12 1 27.238
22 1 49.078
1 7 8.136
2 24 41.134
9 2 96.094
10 2 19.720
2 4 53.859
2 21 95.161
7 2 90.716
19 2 73.527
8 2 38.706
23 2 46.759
2 16 76.380
2 17 12.991
2 14 99.818
15 2 46.127
5 2 33.396
2 12 61.137
2 11 14.254
3 10 13.747
15 3 56.203
3 17 43.886
3 12 94.976
4 3 77.174
3 7 65.562
3 13 0.269
8 3 23.522
3 19 71.217
3 6 30.380
3 23 68.613
3 21 55.911
9 3 19.500
3 11 19.643
3 14 90.870
19 4 30.004
4 18 64.378
4 8 77.341
4 20 87.789
4 23 70.574
4 22 19.722
4 14 61.771
4 12 63.794
9 4 90.898
15 4 48.546
16 4 79.596
24 4 38.981
5 10 38.819
5 8 5.903
13 5 52.319
12 5 30.205
16 5 50.712
5 24 83.158
5 19 60.539
22 5 68.724
7 5 71.648
5 15 26.694
5 11 2.445
5 9 75.524
6 21 23.541
6 15 88.696
6 24 12.163
6 20 38.426
6 22 49.774
19 6 41.307
9 6 1.909
6 11 96.276
6 7 90.926
12 6 81.770
6 14 98.799
13 6 89.644
7 16 52.650
18 7 59.241
7 13 98.984
9 7 57.687
20 7 69.442
23 7 73.429
21 7 78.534
7 10 67.435
11 7 87.421
12 7 20.516
17 7 3.441
18 8 21.457
8 16 30.516
8 9 53.700
19 8 80.855
8 12 11.245
20 8 0.459
8 13 15.744
8 24 74.396
8 11 81.738
9 21 35.872
19 9 70.350
14 9 19.706
9 23 81.472
15 9 57.048
9 16 16.210
9 13 98.035
9 10 17.558
9 17 46.838
9 20 87.429
10 21 96.755
19 10 37.526
10 12 35.416
23 10 24.885
10 13 2.256
15 10 23.038
10 16 18.863
10 24 40.653
17 10 51.159
21 11 57.060
19 11 26.389
11 17 84.921
18 11 82.351
23 11 2.038
15 11 97.705
24 11 18.099
11 14 55.901
20 11 63.361
22 11 6.034
11 12 20.400
11 13 22.554
12 17 71.842
12 23 86.777
24 12 63.223
21 12 55.170
12 22 45.479
12 15 39.046
12 20 42.622
12 14 62.538
23 13 69.865
20 13 12.743
14 13 71.277
13 17 11.130
21 13 37.682
24 13 53.713
19 14 92.977
17 14 60.901
14 18 46.991
20 14 43.022
14 15 22.275
14 21 44.525
15 21 80.306
18 15 14.764
16 15 59.246
15 20 9.004
17 15 33.757
16 24 7.858
21 16 49.749
16 22 52.046
23 17 20.825
21 17 14.669
17 18 30.607
20 18 58.884
19 18 34.112
21 18 68.580
24 18 1.378
23 18 55.518
24 19 33.340
22 19 24.125
19 20 33.700
23 19 33.684
21 20 49.085
20 24 91.222
20 22 5.925
21 23 8.457
22 21 75.102
23 22 45.209
24 23 96.745
