25
16 0 40.296
1 0 16.768
7 0 58.893
22 0 25.161
0 10 19.751
3 0 61.604
20 0 76.362
0 15 78.644
0 24 18.203
0 13 79.733
23 0 91.133
4 0 53.589
9 0 7.808
0 2 38.682
19 0 2.668
16 1 93.912
23 1 70.907
1 18 91.468
1 20 6.111
21 1 39.928
8 1 61.466
3 1 11.669
4 1 90.672
6 1 24.663
7 1 19.726
2 1 21.145
10 1 25.426
5 1 12.946
1 17 78.731
2 8 48.290
15 2 74.464
2 18 47.164
9 2 39.995
4 2 64.025
2 12 16.741
14 2 73.789
2 16 7.247
3 2 94.943
2 17 65.900
13 2 55.727
22 2 88.223
19 3 39.802
22 3 86.764
3 23 85.547
13 3 6.832
15 3 43.733
3 6 94.557
17 3 30.840
3 9 51.694
5 3 57.543
4 3 54.914
21 4 71.163
22 4 3.321
16 4 35.754
6 4 7.862
11 4 6.660
4 13 59.400
12 4 78.939
4 15 77.342
8 4 74.063
20 5 21.580
10 5 67.437
11 5 25.428
5 18 97.159
5 7 17.454
22 5 30.654
24 5 95.839
5 19 36.734
5 14 30.816
5 16 83.586
9 5 1.624
23 5 9.617
5 21 72.250
13 6 17.624
6 12 44.988
6 21 8.633
15 6 90.356
19 6 35.646
6 18 32.167
23 6 53.576
6 14 92.605
7 18 16.209
13 7 90.393
14 7 26.865
7 24 91.377
11 7 2.865
17 7 86.565
9 7 90.486
19 7 62.591
15 7 15.680
8 13 29.435
23 8 62.512
9 8 92.431
24 8 80.376
19 8 68.567
22 8 55.416
8 14 91.955
8 10 2.462
11 8 9.944
15 8 11.219
9 11 32.987
21 9 70.446
9 24 69.505
9 16 83.062
22 9 60.458
9 17 1.708
9 13 15.308
14 9 66.346
18 9 25.334
9 12 79.413
15 9 18.226
10 9 60.187
13 10 0.597
10 17 27.162
22 10 28.937
10 19 46.237
10 23 36.837
11 10 78.612
21 10 82.606
10 20 54.758
10 14 31.627
11 24 31.651
12 11 76.937
11 14 61.029
11 13 74.551
17 11 35.733
16 11 67.043
12 18 81.219
13 12 71.185
12 20 45.521
19 12 33.738
14 12 41.572
16 12 51.599
12 21 95.976
12 23 85.184
18 13 4.662
13 16 10.299
22 13 88.494
13 23 18.906
13 24 13.967
13 17 89.204
13 15 31.979
13 19 26.941
20 13 39.925
16 14 86.592
14 15 57.869
17 14 32.373
14 18 65.596
14 21 53.212
22 15 7.102
15 19 18.207
21 15 16.022
15 18 36.767
23 15 29.853
15 20 91.180
16 22 59.144
17 16 86.403
20 16 90.534
17 18 95.013
19 17 85.434
22 17 42.627
18 21 88.129
19 18 84.113
18 22 42.170
24 18 22.999
19 20 84.431
19 23 34.680
20 22 94.184
20 24 96.493
23 21 34.609
23 22 32.430
24 22 52.655
23 24 88.836
