25
11 0 39.862
0 12 79.781
0 15 36.976
24 0 72.441
0 19 98.058
0 2 60.785
0 22 44.456
5 0 57.024
0 13 54.356
7 0 42.830
0 14 0.729
0 8 15.473
1 0 56.627
0 20 94.518
4 0 4.791
1 8 87.208
1 13 80.580
1 11 70.960
17 1 18.376
22 1 15.416
1 6 52.646
1 18 89.048
1 12 19.950
23 1 76.693
9 1 40.167
1 15 85.195
16 2 5.680
8 2 64.819
2 6 82.160
17 2 75.276
4 2 19.223
2 10 1.468
2 23 20.924
2 15 66.278
14 2 4.872
3 2 34.886
2 12 20.228
2 22 48.005
3 5 48.218
3 13 64.288
8 3 90.819
3 7 19.164
16 3 47.630
11 3 85.637
6 3 53.894
3 18 56.843
4 3 94.336
3 19 4.099
3 17 19.948
4 15 21.157
4 17 9.628
23 4 3.168
18 4 19.468
8 4 3.153
24 4 51.145
4 7 11.013
10 4 96.029
4 13 83.295
21 4 88.547
20 4 0.936
4 19 15.934
12 4 50.400
4 6 39.098
4 16 9.512
5 16 70.421
5 12 70.974
7 5 22.821
11 5 91.770
5 10 79.297
5 18 0.547
17 6 19.053
8 6 5.742
6 12 29.442
6 18 36.502
6 22 9.705
6 14 66.394
6 13 19.076
8 7 36.950
7 23 49.163
7 20 34.539
24 7 6.109
7 18 71.874
7 21 77.143
7 22 17.786
19 7 54.892
8 20 29.364
14 8 14.446
8 11 34.214
8 9 98.592
19 8 33.001
24 8 90.061
8 15 92.289
14 9 2.978
12 9 54.235
9 13 25.470
16 9 53.533
21 9 9.095
9 11 84.506
23 9 98.370
20 9 44.990
9 17 6.836
9 15 40.927
9 10 19.478
23 10 46.463
13 10 46.572
10 21 76.887
18 10 29.066
19 11 17.617
11 13 90.351
24 11 1.492
11 22 46.258
15 11 48.630
12 11 17.380
11 21 41.232
18 11 67.426
16 12 4.396
19 12 87.359
12 23 58.785
20 12 74.251
13 21 63.383
13 17 71.614
13 16 92.100
13 23 19.012
15 13 27.638
14 24 20.485
17 14 69.298
18 14 32.231
14 15 67.240
14 22 27.429
14 20 56.914
15 16 24.886
15 17 35.586
15 22 59.336
15 24 96.952
15 20 98.966
21 15 21.285
16 20 6.287
21 16 50.548
23 16 80.624
18 16 93.935
16 19 65.603
24 16 96.261
17 22 94.663
24 17 47.371
23 17 11.260
23 18 33.630
18 20 57.400
19 22 77.651
24 19 0.330
19 23 8.364
22 20 0.184
23 20 25.536
21 23 0.186
21 24 9.586
22 24 60.278
