25
0 2 60.809
0 22 13.595
9 0 20.643
15 0 42.017
20 0 24.959
14 0 82.323
21 0 24.419
17 0 27.616
0 23 85.992
0 3 23.808
11 0 98.018
19 0 33.111
5 0 88.582
18 0 90.278
0 16 75.889
0 4 20.143
1 0 32.765
6 0 81.984
0 12 0.777
0 10 6.987
13 0 40.301
1 6 75.107
1 23 53.051
1 8 54.662
20 1 65.010
24 1 79.524
1 11 81.714
1 4 47.908
10 1 7.610
1 5 42.508
1 16 4.630
19 1 26.672
2 1 63.087
1 3 75.293
1 12 82.332
21 1 87.791
1 17 98.292
13 1 3.741
18 1 42.776
2 13 23.614
2 16 63.288
2 18 21.711
2 19 38.277
2 9 51.600
10 2 76.521
12 2 32.887
2 11 39.206
2 20 15.454
14 2 8.801
2 15 30.827
24 2 72.548
2 21 62.121
2 5 7.850
2 7 62.588
2 17 43.733
2 4 75.586
3 21 79.277
9 3 99.523
3 5 29.463
3 16 26.533
20 3 98.669
3 19 67.579
10 3 79.176
3 15 77.431
3 12 20.466
3 8 38.752
23 3 43.868
14 3 97.431
18 3 71.522
7 3 57.184
3 13 68.307
4 3 24.532
22 3 87.733
3 6 22.807
13 4 35.487
20 4 26.011
8 4 8.079
15 4 32.838
24 4 35.711
4 9 61.766
4 14 72.297
4 23 17.083
5 4 24.279
10 4 75.091
4 16 88.443
4 7 65.304
4 21 64.764
18 4 70.827
4 11 59.342
12 4 89.660
6 4 22.996
5 23 49.795
5 6 52.826
20 5 69.963
5 16 88.937
5 8 1.635
15 5 69.746
5 9 79.633
5 17 50.094
5 10 37.218
13 5 51.096
21 5 93.976
24 5 27.681
5 11 19.972
6 10 17.664
19 6 98.141
20 6 21.561
23 6 4.815
17 6 30.028
22 6 28.576
6 8 14.580
6 13 32.189
12 6 75.165
16 6 70.139
6 9 56.048
7 6 0.600
6 15 17.290
21 6 3.774
18 6 61.389
7 24 30.754
7 15 47.629
18 7 47.915
7 13 89.621
23 7 39.490
7 20 62.244
7 19 3.936
7 17 71.333
7 22 51.827
7 12 90.140
7 10 19.174
9 7 33.214
8 7 27.109
7 16 88.950
11 7 85.780
8 17 65.815
8 21 98.310
12 8 33.376
20 8 60.269
22 8 47.134
8 24 15.029
8 18 27.578
8 19 68.664
8 23 19.121
8 13 90.664
8 14 20.917
16 8 13.542
8 10 49.874
8 11 24.578
9 15 84.026
9 18 72.898
9 14 87.597
9 13 44.492
21 9 44.012
23 9 37.553
11 9 85.111
9 16 23.543
9 24 20.668
9 22 70.037
19 9 44.345
12 10 8.330
10 22 11.287
14 10 66.683
10 21 58.108
17 10 34.669
19 10 95.103
10 16 32.615
10 18 85.664
10 24 55.621
11 10 38.597
22 11 66.729
16 11 92.936
11 24 89.535
12 11 35.025
15 11 53.978
11 13 7.836
23 11 90.174
12 23 32.597
16 12 46.676
12 14 30.869
22 12 6.692
12 18 51.236
13 12 83.324
21 12 18.819
12 17 50.095
12 15 24.376
21 13 12.567
13 17 38.169
13 19 34.914
13 15 63.014
22 13 66.983
16 13 36.306
14 13 71.746
23 13 48.847
18 13 84.616
14 21 27.694
19 14 62.396
14 15 25.355
16 15 73.950
15 23 84.269
18 15 64.459
15 20 22.111
15 19 9.993
15 24 39.929
15 17 85.720
15 21 16.256
23 16 59.219
24 16 57.402
16 18 76.503
16 20 54.531
22 16 53.981
19 16 57.403
17 16 61.083
21 16 29.678
17 19 36.835
21 17 74.897
17 18 91.186
17 23 8.394
20 17 92.554
18 22 33.490
18 24 62.300
19 18 66.369
21 18 58.796
23 19 45.707
19 24 25.977
19 20 9.913
19 22 59.712
20 24 38.919
20 21 70.603
21 24 53.379
23 21 1.245
21 22 52.054
