25
0 5 15.189
0 13 97.998
0 18 57.043
6 0 57.294
0 14 14.079
22 0 36.855
0 17 1.347
11 0 26.711
9 0 96.236
7 0 82.484
4 0 38.233
15 0 41.804
0 24 75.592
16 0 61.714
19 0 32.929
0 8 20.913
0 23 59.700
12 0 34.819
0 3 27.622
20 0 35.468
10 0 41.558
0 1 4.624
1 15 4.539
1 13 21.383
1 16 65.193
18 1 24.700
14 1 28.795
2 1 65.423
24 1 51.500
20 1 89.656
1 6 79.792
19 1 24.233
1 4 71.543
1 8 73.604
21 1 28.040
1 22 32.127
12 1 90.234
1 7 26.141
3 1 10.036
10 1 95.366
23 1 57.554
1 9 34.427
17 1 85.769
2 15 71.051
23 2 70.685
19 2 14.878
2 24 72.541
2 7 76.861
2 13 19.268
9 2 44.407
2 3 49.982
10 2 38.663
2 20 84.206
2 17 6.455
21 2 63.246
6 2 9.727
4 2 32.754
2 8 6.165
2 11 36.335
2 22 51.826
5 2 21.867
2 12 44.793
2 16 73.526
3 8 99.930
24 3 56.805
3 18 79.327
22 3 65.015
11 3 49.282
3 10 82.233
3 23 88.400
19 3 39.507
3 17 90.439
3 5 88.512
4 3 94.332
12 3 15.833
21 3 30.351
3 14 99.787
3 9 33.824
3 15 66.144
6 3 89.771
13 3 44.760
3 7 67.962
4 22 23.272
4 6 25.340
12 4 95.487
4 23 0.409
18 4 1.707
4 16 61.196
8 4 97.118
14 4 78.521
10 4 8.024
9 4 43.552
4 7 27.836
11 4 10.480
4 13 77.731
4 24 84.990
5 4 9.687
4 20 20.679
4 17 1.463
4 15 81.080
8 5 51.918
15 5 27.898
14 5 90.776
23 5 26.336
18 5 25.958
11 5 82.672
12 5 21.756
10 5 3.297
5 17 38.094
13 5 29.358
19 5 45.248
21 5 6.136
5 9 71.193
5 20 25.998
24 5 33.220
6 5 27.538
5 7 98.525
6 7 53.900
6 9 5.596
14 6 82.020
23 6 11.136
24 6 39.765
15 6 29.988
6 21 2.360
6 13 9.645
6 16 22.138
10 6 61.884
6 22 40.360
6 20 0.550
17 6 54.921
6 12 41.981
18 6 98.926
7 24 19.166
7 14 89.567
19 7 43.820
13 7 48.271
7 11 67.488
9 7 21.291
7 22 14.682
7 10 67.515
8 7 38.850
7 16 30.334
18 7 74.466
7 17 1.878
12 7 44.893
15 7 15.153
8 11 89.278
18 8 41.106
21 8 10.657
8 15 14.357
9 8 31.719
17 8 57.089
8 13 64.114
23 8 35.550
14 8 43.611
8 19 85.579
24 8 0.362
8 12 20.754
8 22 92.261
8 20 77.284
9 24 50.849
9 15 30.368
9 21 81.311
22 9 3.310
9 19 57.033
11 9 52.593
9 13 78.576
14 9 54.085
9 10 66.795
9 16 12.129
23 9 71.557
12 9 97.796
20 9 27.489
23 10 20.315
22 10 37.261
13 10 66.868
10 17 81.226
10 21 90.437
10 15 99.242
10 14 63.848
19 10 17.628
12 10 1.694
18 10 92.780
24 10 36.047
14 11 21.722
11 23 44.785
11 16 77.271
11 13 85.302
11 22 41.511
18 11 85.137
21 11 88.124
12 11 88.926
19 11 91.511
17 11 51.526
19 12 67.510
12 23 81.406
17 12 18.191
21 12 10.611
24 12 93.979
22 12 79.782
12 13 22.107
12 14 37.881
12 16 9.228
12 18 42.934
12 20 55.815
20 13 27.638
24 13 36.835
13 18 74.258
17 13 34.251
13 19 16.461
15 13 64.481
13 22 56.722
23 13 14.817
21 13 78.562
14 13 75.604
14 23 96.443
22 14 28.436
16 14 47.755
21 14 0.393
20 14 5.467
19 14 97.217
18 14 48.906
15 14 77.628
14 17 75.638
22 15 49.444
15 19 43.223
18 15 53.267
17 15 4.524
24 15 13.472
23 15 3.379
15 21 97.149
16 15 85.134
16 23 21.986
17 16 56.381
22 16 40.816
24 16 40.024
18 16 72.039
19 16 11.887
16 20 50.859
16 21 54.110
22 17 7.486
17 24 30.780
20 17 55.865
21 17 27.483
21 18 30.051
18 20 44.677
24 18 99.082
23 18 68.796
22 18 12.350
19 18 75.443
19 21 23.981
19 23 94.699
19 22 66.083
19 20 67.378
23 20 37.162
20 21 50.564
20 22 3.237
20 24 0.885
21 22 7.301
21 23 28.494
21 24 34.843
22 23 76.154
22 24 58.869
24 23 28.822
