25
0 16 49.153
14 0 60.341
0 9 44.362
0 17 62.470
0 20 49.665
0 19 30.364
0 10 56.948
0 11 86.314
2 0 47.032
0 22 39.617
5 0 45.373
0 13 80.994
21 0 20.838
0 15 90.649
7 0 1.906
0 24 46.689
3 0 68.896
0 6 49.574
8 0 59.643
0 4 97.013
0 1 57.331
23 0 27.526
1 15 67.374
1 9 38.485
8 1 43.322
21 1 42.115
7 1 29.235
1 6 14.815
18 1 8.890
17 1 54.798
1 3 35.777
13 1 93.406
23 1 34.009
24 1 80.525
1 19 57.097
1 10 66.046
2 1 96.609
1 12 94.955
1 16 18.052
22 1 78.865
2 12 82.084
13 2 79.157
2 19 32.600
11 2 48.259
2 24 32.463
2 3 51.988
2 14 96.021
18 2 10.390
2 20 99.603
7 2 4.410
2 16 33.674
15 2 58.312
2 23 12.170
5 2 40.439
3 20 41.255
3 18 64.388
11 3 48.933
12 3 37.608
4 3 20.106
3 5 59.764
15 3 3.426
3 17 29.008
3 19 53.580
10 3 3.521
3 7 27.861
22 3 49.945
14 3 27.803
23 3 62.740
3 21 29.582
13 3 91.990
24 4 34.027
23 4 58.561
7 4 59.821
11 4 19.856
4 8 21.260
12 4 60.141
17 4 19.556
13 4 81.250
4 22 44.183
6 4 7.742
4 14 47.504
10 4 42.760
4 5 48.886
4 20 98.519
4 15 0.263
9 4 91.420
4 16 1.869
19 4 58.909
6 5 75.126
5 14 82.533
12 5 3.130
21 5 12.690
5 8 67.854
5 20 27.116
5 13 77.051
18 5 21.233
23 5 72.092
15 5 82.537
9 5 68.969
7 5 56.161
5 10 31.377
5 22 55.008
5 16 18.845
19 5 75.899
17 5 92.279
5 11 82.153
16 6 49.418
24 6 17.393
6 14 3.856
8 6 88.790
6 15 84.334
21 6 56.187
6 12 3.042
6 20 99.964
7 6 57.830
6 19 8.078
6 13 59.744
6 9 98.047
6 11 98.117
6 18 1.128
23 6 14.032
22 6 17.358
12 7 66.104
7 23 21.314
7 15 12.738
22 7 25.499
20 7 65.599
10 7 29.466
7 11 42.809
21 7 34.831
13 7 53.816
17 7 57.072
8 7 30.415
7 9 93.569
19 7 5.459
18 7 8.769
7 24 52.545
19 8 56.618
24 8 35.735
13 8 92.866
18 8 82.598
20 8 40.861
14 8 13.979
8 23 16.612
8 12 74.682
21 8 9.283
8 10 35.333
15 8 48.046
8 17 40.121
8 16 27.644
11 8 34.637
9 19 24.911
9 15 8.002
10 9 54.465
9 24 32.446
9 16 76.673
9 22 50.763
11 9 40.521
9 14 48.148
9 23 40.443
9 17 47.824
18 9 37.819
21 9 62.466
9 20 25.491
10 13 61.394
10 19 60.161
20 10 68.527
10 17 69.193
24 10 14.309
23 10 52.878
16 10 85.021
21 10 74.732
11 10 19.583
10 14 50.998
11 18 21.011
11 19 4.891
11 15 90.685
11 17 53.524
11 20 53.593
11 22 33.496
11 21 3.474
23 12 97.014
14 12 81.388
12 13 93.761
12 15 74.408
22 12 36.657
17 12 31.548
16 12 18.950
12 19 15.733
12 21 8.475
12 18 99.935
24 12 44.424
13 14 18.505
24 13 39.249
13 22 23.842
13 18 45.801
13 20 92.577
19 13 77.162
13 21 10.722
13 15 75.991
17 13 63.285
13 23 52.268
16 13 0.671
16 14 59.116
21 14 79.396
14 23 8.108
14 19 76.003
20 14 80.901
17 14 31.301
18 14 90.341
24 14 10.370
22 14 9.317
15 22 90.569
15 24 66.893
15 18 22.440
15 19 1.909
15 23 50.251
15 21 41.709
17 15 81.141
23 16 38.009
19 16 6.986
16 24 52.822
16 20 61.402
16 17 86.134
22 16 19.755
16 18 65.707
17 20 24.600
24 17 77.229
17 19 91.615
21 17 3.348
22 17 5.802
17 18 90.734
20 18 6.456
19 18 60.423
18 21 11.275
18 24 35.628
19 21 31.964
22 19 56.858
24 19 45.562
19 20 3.154
21 20 94.038
20 23 35.903
20 24 67.150
22 20 36.843
21 24 25.250
23 21 37.301
22 21 25.248
22 23 96.946
22 24 40.431
23 24 88.860
