25
15 0 12.812
2 0 59.786
0 12 40.838
0 4 13.076
20 0 79.272
0 3 1.733
0 23 44.360
0 24 92.725
0 7 84.311
0 8 38.898
0 17 22.446
0 22 58.569
1 0 38.189
5 0 25.563
18 0 55.832
13 1 92.650
22 1 34.243
18 1 40.114
10 1 76.236
4 1 7.424
1 2 69.407
1 11 65.446
15 1 10.963
19 1 3.760
6 1 14.343
20 1 27.646
1 7 81.754
1 9 72.934
17 1 13.353
1 16 20.428
21 1 87.036
1 24 51.960
23 1 45.358
1 5 10.258
10 2 26.884
2 4 56.307
2 19 38.212
12 2 89.704
11 2 82.445
2 16 74.033
20 2 91.714
2 9 37.050
2 7 37.612
21 2 27.133
23 2 59.695
14 2 82.600
24 2 52.196
2 13 55.203
5 2 77.966
2 18 2.895
15 2 40.855
2 6 94.911
3 21 68.996
7 3 1.284
3 19 26.428
12 3 95.728
3 8 87.146
13 3 5.504
3 23 69.236
17 3 20.384
3 9 49.970
24 3 77.129
3 10 97.881
5 3 23.264
3 6 22.415
3 11 38.331
20 3 65.161
8 4 57.168
4 22 23.596
4 12 61.414
19 4 65.936
4 9 46.124
4 7 34.238
4 15 47.931
21 4 13.534
11 4 92.694
18 4 27.357
5 4 8.405
4 20 80.099
13 4 87.678
4 10 79.391
5 23 56.363
5 21 27.808
12 5 96.969
6 5 5.619
5 19 68.636
10 5 17.301
15 5 88.512
5 8 37.996
5 9 11.508
5 14 46.477
5 16 24.059
23 6 41.958
6 21 40.966
6 15 14.643
6 19 67.160
6 11 12.741
18 6 83.111
8 6 71.274
6 7 81.738
6 17 49.248
6 16 30.576
6 22 48.989
7 19 63.791
7 14 0.735
7 11 13.342
7 10 94.794
20 7 95.973
7 16 98.546
8 7 63.155
7 22 37.758
9 7 70.112
13 7 64.372
7 17 79.337
11 8 40.964
8 13 65.326
23 8 34.710
19 8 20.482
8 16 6.065
17 8 56.639
8 14 90.282
8 24 87.265
22 8 63.281
8 20 48.748
8 15 83.956
12 8 30.316
11 9 8.735
9 17 52.532
9 13 98.101
9 23 63.593
10 9 61.677
9 19 99.258
22 9 20.876
9 20 4.241
9 16 79.339
14 9 10.490
12 9 69.363
15 9 74.421
10 16 43.531
10 17 99.233
10 21 68.063
20 10 49.676
19 10 99.439
13 10 78.826
10 12 22.868
10 18 5.510
24 10 39.696
11 20 7.568
17 11 54.687
11 21 31.506
11 14 88.587
22 11 44.978
11 16 6.940
12 11 11.236
11 23 77.747
11 15 83.051
11 18 26.497
12 23 51.210
12 24 51.823
12 21 61.416
12 22 16.987
12 18 37.614
12 15 75.926
14 12 17.747
16 12 50.999
13 14 15.879
13 22 69.975
13 20 16.364
18 13 13.351
13 16 12.834
13 24 63.837
14 18 67.893
23 14 17.051
14 17 21.813
24 14 61.301
20 14 11.933
15 14 91.746
19 14 32.038
15 23 92.058
15 24 9.935
17 15 65.808
19 15 50.644
16 24 45.275
16 21 1.509
20 16 82.976
18 16 18.266
16 22 48.203
16 17 72.914
23 16 42.802
20 17 0.160
19 17 30.642
17 21 74.777
22 17 78.398
18 24 53.192
18 22 50.428
20 18 66.202
18 23 71.417
19 23 14.896
24 19 55.965
20 24 73.934
20 22 90.386
21 24 92.623
23 21 35.475
22 21 57.061
24 22 98.392
22 23 84.716
