50
0 32 1.780
0 34 1.159
0 19 1.233
14 0 1.140
0 38 1.337
0 46 0.661
0 47 1.034
27 0 0.034
0 26 1.146
1 0 0.489
0 31 1.391
2 0 0.255
0 41 0.634
0 42 1.855
0 29 0.233
0 43 1.530
0 4 0.642
0 3 0.781
15 0 0.207
0 17 1.244
0 21 0.902
0 18 1.557
0 11 1.261
0 44 0.471
33 0 0.666
40 0 0.333
0 6 0.974
0 25 0.342
1 42 1.490
1 29 0.695
1 40 0.041
5 1 0.019
18 1 0.089
1 11 1.932
2 1 0.782
1 35 1.367
1 14 1.428
1 12 0.188
1 41 0.828
30 1 0.945
49 1 1.385
1 45 0.347
8 1 0.031
24 1 1.314
1 25 0.228
1 4 0.054
26 1 0.618
1 37 1.131
1 47 1.190
7 1 0.725
1 17 1.253
46 1 0.785
1 36 1.428
3 1 0.144
1 10 1.848
6 1 0.715
1 32 0.926
22 1 1.360
9 1 0.348
2 38 1.612
2 12 0.566
13 2 0.988
41 2 0.620
2 10 1.060
2 21 1.406
2 35 1.777
19 2 1.057
2 44 0.695
2 48 1.481
33 2 0.729
27 2 1.758
45 2 0.117
2 40 1.376
2 43 0.779
3 2 0.262
9 2 0.921
22 2 1.074
2 34 0.588
2 14 1.805
4 2 0.605
2 24 1.855
36 2 0.408
44 3 1.718
3 5 0.618
17 3 1.722
11 3 0.181
3 47 1.892
3 43 0.534
37 3 0.064
20 3 0.919
3 34 0.398
48 3 1.590
3 25 0.010
3 41 0.794
3 46 1.042
26 3 0.602
3 49 0.296
13 3 0.885
19 3 0.044
21 3 0.718
30 3 1.788
10 3 0.569
29 3 0.683
3 42 0.852
3 14 1.902
22 3 0.549
15 3 0.456
3 27 1.393
3 4 1.823
3 23 1.627
3 18 1.137
38 3 1.217
4 37 0.870
33 4 0.132
25 4 0.016
4 32 1.677
4 46 0.602
4 40 0.146
36 4 1.698
48 4 0.761
7 4 0.709
4 42 1.907
4 47 1.567
28 4 0.750
19 4 0.251
38 4 1.495
4 15 0.487
9 4 1.816
21 4 1.703
13 4 0.431
4 30 0.755
12 4 1.335
23 4 1.539
5 38 0.462
14 5 0.209
43 5 1.689
10 5 1.405
5 41 0.345
5 20 0.964
17 5 0.092
23 5 1.552
5 44 0.920
5 42 1.195
26 5 0.233
31 5 1.324
18 5 1.966
11 5 0.850
39 5 1.339
49 5 0.075
5 7 0.975
5 45 1.295
34 6 1.066
12 6 1.973
31 6 0.743
6 22 0.185
6 20 0.351
16 6 0.699
6 28 1.262
44 6 1.987
6 37 0.648
38 6 0.666
7 6 0.329
17 6 0.437
6 18 1.279
6 25 1.905
6 32 0.328
35 6 1.785
6 41 1.044
6 49 1.202
48 6 0.292
6 10 1.538
46 6 1.348
7 18 1.587
45 7 0.436
46 7 1.988
12 7 0.730
23 7 0.392
7 29 0.306
37 7 1.614
7 30 0.549
47 7 0.372
7 22 1.723
7 17 1.866
33 7 1.861
7 16 0.925
7 20 0.642
14 7 0.287
40 7 1.930
7 19 0.476
7 9 1.544
7 27 1.957
38 7 0.972
7 25 1.553
11 7 1.450
7 49 1.403
7 15 0.914
7 13 1.671
39 8 0.888
32 8 1.163
25 8 1.009
14 8 0.403
8 20 1.369
42 8 0.462
40 8 0.978
8 18 1.904
23 8 1.096
22 8 1.851
8 36 1.928
8 43 0.097
8 27 1.164
8 30 1.712
9 8 1.655
8 13 1.355
46 8 0.923
8 15 0.934
38 8 0.792
12 8 0.443
11 8 0.062
8 19 1.137
10 8 1.791
8 24 0.522
8 28 0.689
8 26 1.484
9 25 1.226
9 31 1.069
16 9 1.368
43 9 1.315
48 9 1.997
9 44 1.294
19 9 0.266
9 14 0.198
40 9 1.778
47 9 1.239
36 9 1.675
35 9 1.020
38 9 0.077
13 9 1.683
9 22 0.081
9 23 0.942
9 45 0.198
28 9 1.557
32 9 1.851
9 42 0.549
24 9 1.168
29 9 1.661
41 9 1.489
17 9 0.914
12 10 1.627
10 40 1.322
31 10 0.565
10 42 1.036
14 10 1.268
10 47 1.055
10 23 0.497
10 46 0.478
15 10 1.997
30 10 0.757
34 10 0.454
10 24 1.995
13 10 0.411
36 10 1.354
29 10 0.676
10 39 1.371
10 45 1.632
10 38 0.682
10 49 0.450
10 11 0.255
10 17 1.639
10 22 1.756
11 29 0.041
11 43 1.587
22 11 1.371
21 11 0.820
18 11 1.478
11 17 0.398
11 41 0.573
28 11 1.038
11 37 1.717
11 20 1.194
11 49 0.484
11 38 1.569
11 16 0.494
11 19 0.295
11 44 0.814
11 24 0.315
39 11 1.608
12 11 0.042
31 11 0.513
42 11 0.624
32 11 1.481
11 26 0.763
48 12 0.856
12 37 0.426
21 12 0.366
16 12 1.857
12 43 1.463
25 12 1.159
44 12 1.072
12 31 1.312
12 30 1.582
15 12 0.879
12 26 1.355
12 38 0.601
12 35 0.002
12 32 1.488
23 12 1.811
13 12 1.372
27 12 0.287
39 12 0.977
13 41 1.562
13 26 1.948
14 13 1.616
32 13 1.357
13 21 1.749
13 15 0.733
13 40 1.014
13 27 1.008
17 13 1.663
13 49 1.757
48 13 1.414
13 37 1.454
13 35 1.306
31 13 1.532
25 13 0.780
39 13 0.488
13 38 0.769
13 45 0.092
13 19 1.905
46 13 0.283
13 47 1.450
14 48 1.109
47 14 0.064
14 49 1.614
14 27 0.557
20 14 0.366
22 14 0.288
14 34 0.769
21 14 0.273
14 29 1.098
33 14 1.052
14 43 0.516
14 24 0.759
45 14 0.550
26 14 1.999
14 25 0.250
46 14 0.974
14 16 1.710
21 15 1.685
15 18 1.111
25 15 0.304
15 45 0.274
31 15 0.906
33 15 1.863
36 15 1.631
15 30 1.771
15 22 1.662
15 39 1.611
15 28 1.764
17 15 1.968
15 26 0.184
27 15 1.973
15 35 0.826
47 15 1.765
41 15 1.630
15 40 0.798
38 15 0.852
15 19 1.124
16 29 1.316
46 16 0.397
30 16 0.587
16 41 1.184
16 40 0.870
18 16 1.775
16 44 0.311
20 16 0.331
16 37 1.212
16 49 0.572
25 16 1.407
16 33 0.662
26 16 1.134
38 16 1.438
16 21 1.640
16 28 0.948
16 23 0.018
16 34 0.636
16 42 1.411
16 39 0.143
35 16 1.604
46 17 1.693
17 33 0.388
17 42 1.300
17 38 1.570
20 17 1.234
17 21 1.145
41 17 0.451
17 29 0.371
17 43 0.752
26 17 1.063
17 18 0.286
17 34 1.653
45 17 1.772
30 17 0.099
17 35 1.707
17 23 0.089
37 17 1.347
17 32 1.360
17 31 1.844
18 42 1.751
18 44 1.951
18 33 0.592
45 18 0.872
39 18 0.286
18 41 0.833
28 18 1.553
18 43 1.469
18 34 0.927
37 18 0.098
18 48 0.792
21 18 0.807
18 32 0.185
18 24 0.170
18 27 0.130
18 25 1.215
23 18 0.615
18 26 0.906
18 47 1.452
19 30 1.735
19 27 0.466
19 29 0.367
19 47 0.158
46 19 0.639
19 44 0.999
19 42 1.762
19 45 0.966
39 19 1.681
28 19 0.905
20 19 1.132
25 19 0.879
22 19 1.929
19 24 1.359
33 20 1.082
48 20 1.630
20 47 1.398
37 20 0.927
20 34 0.936
22 20 0.696
43 20 0.188
49 20 0.337
20 21 0.070
32 20 1.028
20 26 0.031
20 45 1.347
44 20 1.617
28 20 1.778
24 20 0.311
39 20 0.634
20 46 0.540
42 20 0.043
20 25 0.940
20 31 1.214
21 23 1.361
49 21 0.951
21 41 1.422
24 21 1.868
21 29 1.355
39 21 1.586
21 43 0.292
21 27 0.210
22 21 0.264
21 26 1.281
21 32 0.134
36 21 0.543
42 21 0.722
25 21 0.749
46 21 0.089
21 33 1.422
21 31 1.832
21 47 1.529
40 21 0.561
21 38 0.673
28 21 1.714
22 35 1.390
22 34 0.290
47 22 0.143
25 22 1.909
22 32 0.088
37 22 1.397
22 26 0.195
22 36 0.878
42 22 0.986
29 22 1.017
44 22 1.217
27 22 1.079
49 22 1.353
22 33 0.203
41 22 1.713
22 45 1.132
48 22 0.488
46 22 0.432
46 23 0.735
38 23 0.937
25 23 1.477
23 45 1.879
23 44 1.399
31 23 0.775
23 47 0.378
23 33 1.294
41 23 0.508
23 35 1.554
23 42 1.453
23 24 0.636
23 49 1.416
35 24 0.486
27 24 0.967
32 24 0.227
47 24 1.493
44 24 1.073
25 24 1.048
24 30 1.263
26 24 1.068
31 24 0.625
24 48 1.713
24 42 1.300
25 49 0.197
25 38 1.117
25 48 1.378
28 25 0.680
29 25 1.713
25 26 0.419
35 25 1.807
46 25 1.002
30 25 0.267
25 45 1.456
25 43 0.176
37 25 1.687
42 25 1.260
31 25 1.933
46 26 0.447
26 45 0.681
49 26 1.402
33 26 1.640
26 44 1.689
32 26 1.158
26 41 1.650
47 26 1.612
38 26 1.809
26 31 1.747
26 29 1.135
48 26 1.601
27 30 0.584
32 27 0.352
27 33 1.792
27 39 0.799
27 49 1.476
46 27 0.772
27 36 1.884
34 27 0.551
31 27 1.752
27 44 1.860
27 40 1.246
43 28 1.638
33 28 1.651
29 28 1.182
28 46 0.246
40 28 0.193
28 31 1.498
49 28 0.301
28 35 1.732
37 28 0.890
28 47 1.988
45 28 1.909
41 28 0.414
48 28 1.019
28 38 1.335
30 29 1.201
36 29 1.624
29 48 1.830
29 39 0.666
47 29 1.482
35 29 0.012
41 29 1.674
29 40 1.778
33 29 1.866
29 45 1.284
49 29 1.602
29 43 0.593
30 40 0.538
30 39 1.750
30 46 0.658
30 35 1.888
45 30 0.977
41 30 1.593
42 30 1.488
30 49 1.562
47 30 1.917
30 34 0.531
30 38 0.867
30 48 0.135
36 30 0.333
43 30 1.848
32 31 1.237
31 48 1.700
31 43 0.554
31 40 1.080
31 35 0.287
31 37 1.925
46 31 0.942
31 41 1.359
31 34 0.311
31 42 0.669
45 31 1.732
36 31 1.931
31 33 0.990
42 32 0.542
32 36 1.805
32 40 0.575
33 32 1.689
45 32 0.351
49 32 0.871
32 41 0.102
32 39 1.498
32 43 0.449
32 35 0.915
32 44 1.012
34 32 1.548
37 32 1.150
33 38 1.500
33 41 1.886
37 33 0.152
33 35 1.325
45 33 1.835
40 33 1.251
33 36 0.960
44 34 0.182
43 34 1.452
39 34 1.257
42 34 0.460
34 48 1.172
40 34 1.886
35 34 1.471
41 34 0.973
36 35 1.146
35 48 1.169
38 35 0.380
39 35 0.360
35 42 0.304
43 35 0.778
35 40 0.064
46 35 1.327
44 35 0.942
35 49 0.909
37 35 1.627
36 42 1.276
40 36 0.075
38 36 1.482
47 36 1.130
36 43 0.071
36 49 1.034
49 37 1.470
44 37 1.506
37 41 0.232
37 39 0.498
37 45 1.052
37 48 0.772
40 38 0.645
47 38 0.076
44 38 0.195
38 49 1.751
48 39 1.907
39 44 0.828
39 46 0.204
39 43 1.086
49 39 0.261
44 40 1.222
47 40 1.344
40 45 0.030
41 40 1.027
49 40 1.324
47 41 0.025
41 44 1.874
49 41 0.345
41 48 1.053
45 41 0.922
43 41 1.020
48 42 1.310
45 42 0.073
43 48 0.839
43 46 0.599
43 45 1.137
47 43 0.082
44 48 1.985
44 45 0.077
44 46 1.034
47 44 0.209
44 49 1.554
45 47 0.564
46 45 1.614
45 48 0.964
48 46 0.108
47 46 1.371
